<?xml version="1.0" encoding="utf-8"?>
<COLLADA xmlns="http://www.collada.org/2005/11/COLLADASchema" version="1.4.1">
  <asset><contributor><author>Mixamo</author><authoring_tool>COLLADA Mixamo exporter</authoring_tool><comments></comments></contributor><created>2020-11-23T02:28:23Z</created><modified>2020-11-23T02:28:23Z</modified><revision></revision><title></title><unit meter="0.010000"/><up_axis>Y_UP</up_axis></asset>
  <library_animations>
    <animation id="mixamorig_Hips-anim" name="mixamorig_Hips"><source id="mixamorig_Hips-Matrix-animation-input"><float_array id="mixamorig_Hips-Matrix-animation-input-array" count="31">

0.000000 0.033333 0.066667 0.100000 0.133333 0.166667 0.200000 0.233333 0.266667 0.300000 0.333333 0.366667 0.400000 0.433333 0.466667 0.500000
0.533333 0.566667 0.600000 0.633333 0.666667 0.700000 0.733333 0.766667 0.800000 0.833333 0.866667 0.900000 0.933333 0.966667 1.000000</float_array><technique_common><accessor source="#mixamorig_Hips-Matrix-animation-input-array" count="31"><param name="TIME" type="float"/></accessor></technique_common></source><source id="mixamorig_Hips-Matrix-animation-output-transform"><float_array id="mixamorig_Hips-Matrix-animation-output-transform-array" count="496">

0.994822 0.086850 0.052794 0.000777 -0.085937 0.996113 -0.019320 1.178957 -0.054267 0.014683 0.998418 -0.024607 0.000000 0.000000 0.000000 1.000000
0.996321 0.082043 0.024765 -0.000313 -0.081584 0.996485 -0.019008 1.191054 -0.026238 0.016917 0.999513 -0.020910 0.000000 0.000000 0.000000 1.000000
0.997176 0.075081 0.001625 -0.001272 -0.075045 0.997046 -0.016334 1.197670 -0.002846 0.016166 0.999865 -0.020016 0.000000 0.000000 0.000000 1.000000
0.997793 0.064880 -0.014115 -0.001722 -0.065055 0.997805 -0.012330 1.199172 0.013284 0.013221 0.999824 -0.019385 0.000000 0.000000 0.000000 1.000000
0.998361 0.051474 -0.025013 -0.002133 -0.051744 0.998607 -0.010282 1.196242 0.024449 0.011559 0.999634 -0.023796 0.000000 0.000000 0.000000 1.000000
0.998561 0.039401 -0.036373 -0.001474 -0.039846 0.999139 -0.011590 1.188282 0.035885 0.013023 0.999271 -0.030772 0.000000 0.000000 0.000000 1.000000
0.998066 0.035079 -0.051322 0.000813 -0.035817 0.999267 -0.013522 1.174536 0.050810 0.015334 0.998591 -0.034506 0.000000 0.000000 0.000000 1.000000
0.997169 0.035435 -0.066326 0.004737 -0.036368 0.999255 -0.012909 1.155332 0.065819 0.015284 0.997715 -0.030946 0.000000 0.000000 0.000000 1.000000
0.996538 0.031705 -0.076856 0.011191 -0.032727 0.999392 -0.012065 1.135484 0.076426 0.014538 0.996969 -0.022429 0.000000 0.000000 0.000000 1.000000
0.996270 0.028916 -0.081297 0.017416 -0.030371 0.999399 -0.016719 1.123141 0.080765 0.019126 0.996550 -0.010074 0.000000 0.000000 0.000000 1.000000
0.996784 0.021261 -0.077269 0.024065 -0.023286 0.999406 -0.025397 1.121399 0.076683 0.027114 0.996687 -0.001786 0.000000 0.000000 0.000000 1.000000
0.997495 0.020067 -0.067825 0.029792 -0.022112 0.999319 -0.029533 1.119781 0.067187 0.030959 0.997260 -0.000287 0.000000 0.000000 0.000000 1.000000
0.998235 0.013877 -0.057750 0.035880 -0.015366 0.999559 -0.025420 1.133186 0.057371 0.026263 0.998007 -0.004832 0.000000 0.000000 0.000000 1.000000
0.998745 0.006745 -0.049620 0.039859 -0.007660 0.999804 -0.018283 1.155162 0.049487 0.018640 0.998601 -0.010415 0.000000 0.000000 0.000000 1.000000
0.999370 0.001410 -0.035469 0.042208 -0.001909 0.999900 -0.014023 1.176301 0.035446 0.014082 0.999272 -0.016712 0.000000 0.000000 0.000000 1.000000
0.999971 0.001287 -0.007557 0.043751 -0.001403 0.999880 -0.015405 1.195530 0.007536 0.015415 0.999853 -0.017498 0.000000 0.000000 0.000000 1.000000
0.999575 -0.002012 0.029066 0.044293 0.002638 0.999765 -0.021499 1.208998 -0.029016 0.021566 0.999346 -0.020028 0.000000 0.000000 0.000000 1.000000
0.998046 -0.009374 0.061779 0.044287 0.011131 0.999542 -0.028158 1.213655 -0.061486 0.028790 0.997693 -0.023993 0.000000 0.000000 0.000000 1.000000
0.996419 -0.017676 0.082683 0.044444 0.020358 0.999290 -0.031700 1.211551 -0.082064 0.033270 0.996072 -0.025515 0.000000 0.000000 0.000000 1.000000
0.995360 -0.018604 0.094409 0.045136 0.021733 0.999244 -0.032226 1.201065 -0.093738 0.034128 0.995012 -0.028317 0.000000 0.000000 0.000000 1.000000
0.994446 -0.010677 0.104710 0.045207 0.014115 0.999383 -0.032150 1.186304 -0.104302 0.033449 0.993983 -0.036297 0.000000 0.000000 0.000000 1.000000
0.992722 -0.006687 0.120246 0.044137 0.010741 0.999394 -0.033099 1.164794 -0.119951 0.034149 0.992192 -0.041989 0.000000 0.000000 0.000000 1.000000
0.990259 -0.008753 0.138963 0.040506 0.013821 0.999272 -0.035548 1.141966 -0.138550 0.037122 0.989659 -0.040626 0.000000 0.000000 0.000000 1.000000
0.988141 -0.009858 0.153230 0.034464 0.016201 0.999060 -0.040202 1.125890 -0.152690 0.042208 0.987372 -0.032753 0.000000 0.000000 0.000000 1.000000
0.987679 0.006117 0.156374 0.027431 0.001441 0.998838 -0.048173 1.116062 -0.156486 0.047805 0.986523 -0.027818 0.000000 0.000000 0.000000 1.000000
0.987851 0.038854 0.150470 0.020680 -0.030575 0.997909 -0.056949 1.109506 -0.152368 0.051657 0.986973 -0.033037 0.000000 0.000000 0.000000 1.000000
0.988132 0.063446 0.139892 0.013826 -0.055573 0.996681 -0.059486 1.116969 -0.143202 0.051005 0.988378 -0.036867 0.000000 0.000000 0.000000 1.000000
0.988028 0.079408 0.132267 0.007175 -0.073049 0.995958 -0.052263 1.128311 -0.135882 0.041975 0.989835 -0.039419 0.000000 0.000000 0.000000 1.000000
0.988593 0.088022 0.122215 0.003947 -0.083805 0.995709 -0.039236 1.144000 -0.125144 0.028546 0.991728 -0.037855 0.000000 0.000000 0.000000 1.000000
0.990657 0.090151 0.102333 0.002144 -0.087776 0.995761 -0.027484 1.158188 -0.104377 0.018245 0.994370 -0.034415 0.000000 0.000000 0.000000 1.000000
0.993556 0.087937 0.071513 0.001447 -0.086672 0.996024 -0.020614 1.173093 -0.073041 0.014283 0.997227 -0.027167 0.000000 0.000000 0.000000 1.000000</float_array><technique_common><accessor source="#mixamorig_Hips-Matrix-animation-output-transform-array" count="31" stride="16"><param type="float4x4"/></accessor></technique_common></source><source id="mixamorig_Hips-Interpolations"><Name_array id="mixamorig_Hips-Interpolations-array" count="31">
 LINEAR LINEAR LINEAR LINEAR LINEAR LINEAR LINEAR LINEAR LINEAR LINEAR LINEAR
LINEAR LINEAR LINEAR LINEAR LINEAR LINEAR LINEAR LINEAR LINEAR LINEAR LINEAR LINEAR
LINEAR LINEAR LINEAR LINEAR LINEAR LINEAR LINEAR LINEAR</Name_array><technique_common><accessor source="#mixamorig_Hips-Interpolations-array" count="31"><param type="name"/></accessor></technique_common></source><sampler id="mixamorig_Hips-Matrix-animation-transform"><input semantic="INPUT" source="#mixamorig_Hips-Matrix-animation-input"/><input semantic="OUTPUT" source="#mixamorig_Hips-Matrix-animation-output-transform"/><input semantic="INTERPOLATION" source="#mixamorig_Hips-Interpolations"/></sampler><channel source="#mixamorig_Hips-Matrix-animation-transform" target="mixamorig_Hips/matrix"/></animation>
    <animation id="mixamorig_Spine-anim" name="mixamorig_Spine"><source id="mixamorig_Spine-Matrix-animation-input"><float_array id="mixamorig_Spine-Matrix-animation-input-array" count="31">

0.000000 0.033333 0.066667 0.100000 0.133333 0.166667 0.200000 0.233333 0.266667 0.300000 0.333333 0.366667 0.400000 0.433333 0.466667 0.500000
0.533333 0.566667 0.600000 0.633333 0.666667 0.700000 0.733333 0.766667 0.800000 0.833333 0.866667 0.900000 0.933333 0.966667 1.000000</float_array><technique_common><accessor source="#mixamorig_Spine-Matrix-animation-input-array" count="31"><param name="TIME" type="float"/></accessor></technique_common></source><source id="mixamorig_Spine-Matrix-animation-output-transform"><float_array id="mixamorig_Spine-Matrix-animation-output-transform-array" count="496">

0.997901 -0.064625 0.004173 0.000000 0.064759 0.996074 -0.060349 0.117600 -0.000256 0.060493 0.998169 0.006900 0.000000 0.000000 0.000000 1.000000
0.998331 -0.056066 0.013845 0.000000 0.056804 0.996557 -0.060393 0.117600 -0.010412 0.061078 0.998079 0.006900 0.000000 0.000000 0.000000 1.000000
0.998847 -0.042974 0.021399 0.000000 0.044235 0.997066 -0.062468 0.117600 -0.018652 0.063343 0.997818 0.006900 0.000000 0.000000 0.000000 1.000000
0.999253 -0.028543 0.026063 -0.000000 0.030158 0.997505 -0.063824 0.117600 -0.024176 0.064562 0.997621 0.006900 0.000000 0.000000 0.000000 1.000000
0.999494 -0.013572 0.028769 0.000000 0.015439 0.997721 -0.065688 0.117600 -0.027811 0.066099 0.997425 0.006900 0.000000 0.000000 0.000000 1.000000
0.999511 -0.000977 0.031244 0.000000 0.003050 0.997791 -0.066356 0.117600 -0.031110 0.066419 0.997307 0.006900 0.000000 0.000000 0.000000 1.000000
0.999341 0.005011 0.035955 0.000000 -0.002615 0.997791 -0.066379 0.117600 -0.036208 0.066241 0.997146 0.006900 0.000000 0.000000 0.000000 1.000000
0.999114 0.006624 0.041558 0.000000 -0.003879 0.997826 -0.065784 0.117600 -0.041904 0.065564 0.996968 0.006900 0.000000 0.000000 0.000000 1.000000
0.998923 0.009707 0.045365 0.000000 -0.006758 0.997881 -0.064713 0.117600 -0.045897 0.064337 0.996872 0.006900 0.000000 0.000000 0.000000 1.000000
0.998873 0.007195 0.046907 0.000000 -0.004364 0.998179 -0.060163 0.117600 -0.047255 0.059891 0.997086 0.006900 0.000000 0.000000 0.000000 1.000000
0.999007 0.007310 0.043954 0.000000 -0.004911 0.998505 -0.054440 0.117600 -0.044286 0.054170 0.997549 0.006900 0.000000 0.000000 0.000000 1.000000
0.999232 0.001501 0.039148 -0.000000 0.000580 0.998590 -0.053091 0.117600 -0.039172 0.053073 0.997822 0.006900 0.000000 0.000000 0.000000 1.000000
0.999458 0.004304 0.032640 -0.000000 -0.002486 0.998454 -0.055531 0.117600 -0.032828 0.055419 0.997923 0.006900 0.000000 0.000000 0.000000 1.000000
0.999552 0.014278 0.026306 -0.000000 -0.012727 0.998224 -0.058189 0.117600 -0.027090 0.057828 0.997959 0.006900 0.000000 0.000000 0.000000 1.000000
0.999512 0.024878 0.018873 0.000000 -0.023690 0.997870 -0.060785 0.117600 -0.020345 0.060308 0.997972 0.006900 0.000000 0.000000 0.000000 1.000000
0.999541 0.028946 0.008915 0.000000 -0.028347 0.997720 -0.061251 0.117600 -0.010668 0.060970 0.998083 0.006900 0.000000 0.000000 0.000000 1.000000
0.999546 0.030039 -0.002400 0.000000 -0.030130 0.997645 -0.061613 0.117600 0.000543 0.061658 0.998097 0.006900 0.000000 0.000000 0.000000 1.000000
0.999546 0.027667 -0.011899 -0.000000 -0.028358 0.997649 -0.062396 0.117600 0.010145 0.062705 0.997981 0.006900 0.000000 0.000000 0.000000 1.000000
0.999577 0.023145 -0.017602 0.000000 -0.024212 0.997716 -0.063058 0.117600 0.016102 0.063458 0.997855 0.006900 0.000000 0.000000 0.000000 1.000000
0.999721 0.012171 -0.020229 -0.000000 -0.013454 0.997824 -0.064554 0.117600 0.019399 0.064808 0.997709 0.006900 0.000000 0.000000 0.000000 1.000000
0.999751 -0.004267 -0.021908 0.000000 0.002809 0.997803 -0.066188 0.117600 0.022143 0.066110 0.997567 0.006900 0.000000 0.000000 0.000000 1.000000
0.999539 -0.015155 -0.026315 0.000000 0.013363 0.997664 -0.066989 0.117600 0.027269 0.066607 0.997407 0.006900 0.000000 0.000000 0.000000 1.000000
0.999327 -0.016559 -0.032724 -0.000000 0.014360 0.997696 -0.066312 0.117600 0.033747 0.065798 0.997262 0.006900 0.000000 0.000000 0.000000 1.000000
0.999203 -0.012610 -0.037861 0.000000 0.010184 0.997923 -0.063601 0.117600 0.038584 0.063165 0.997257 0.006900 0.000000 0.000000 0.000000 1.000000
0.999074 -0.017445 -0.039342 -0.000000 0.015139 0.998192 -0.058161 0.117600 0.040285 0.057512 0.997532 0.006900 0.000000 0.000000 0.000000 1.000000
0.998651 -0.034463 -0.038831 -0.000000 0.032348 0.998025 -0.053851 0.117600 0.040610 0.052522 0.997794 0.006900 0.000000 0.000000 0.000000 1.000000
0.998402 -0.044651 -0.034646 0.000000 0.042760 0.997649 -0.053548 0.117600 0.036956 0.051981 0.997964 0.006900 0.000000 0.000000 0.000000 1.000000
0.998184 -0.052239 -0.030006 -0.000000 0.050518 0.997179 -0.055511 0.117600 0.032822 0.053895 0.998007 0.006900 0.000000 0.000000 0.000000 1.000000
0.997901 -0.060322 -0.023557 -0.000000 0.058875 0.996582 -0.057952 0.117600 0.026972 0.056444 0.998041 0.006900 0.000000 0.000000 0.000000 1.000000
0.997754 -0.065454 -0.014239 -0.000000 0.064487 0.996103 -0.060166 0.117600 0.018122 0.059113 0.998087 0.006900 0.000000 0.000000 0.000000 1.000000
0.997825 -0.065872 -0.002276 0.000000 0.065615 0.996018 -0.060359 0.117600 0.006243 0.060079 0.998174 0.006900 0.000000 0.000000 0.000000 1.000000</float_array><technique_common><accessor source="#mixamorig_Spine-Matrix-animation-output-transform-array" count="31" stride="16"><param type="float4x4"/></accessor></technique_common></source><source id="mixamorig_Spine-Interpolations"><Name_array id="mixamorig_Spine-Interpolations-array" count="31">
 LINEAR LINEAR LINEAR LINEAR LINEAR LINEAR LINEAR LINEAR LINEAR LINEAR LINEAR
LINEAR LINEAR LINEAR LINEAR LINEAR LINEAR LINEAR LINEAR LINEAR LINEAR LINEAR LINEAR
LINEAR LINEAR LINEAR LINEAR LINEAR LINEAR LINEAR LINEAR</Name_array><technique_common><accessor source="#mixamorig_Spine-Interpolations-array" count="31"><param type="name"/></accessor></technique_common></source><sampler id="mixamorig_Spine-Matrix-animation-transform"><input semantic="INPUT" source="#mixamorig_Spine-Matrix-animation-input"/><input semantic="OUTPUT" source="#mixamorig_Spine-Matrix-animation-output-transform"/><input semantic="INTERPOLATION" source="#mixamorig_Spine-Interpolations"/></sampler><channel source="#mixamorig_Spine-Matrix-animation-transform" target="mixamorig_Spine/matrix"/></animation>
    <animation id="mixamorig_Spine1-anim" name="mixamorig_Spine1"><source id="mixamorig_Spine1-Matrix-animation-input"><float_array id="mixamorig_Spine1-Matrix-animation-input-array" count="31">

0.000000 0.033333 0.066667 0.100000 0.133333 0.166667 0.200000 0.233333 0.266667 0.300000 0.333333 0.366667 0.400000 0.433333 0.466667 0.500000
0.533333 0.566667 0.600000 0.633333 0.666667 0.700000 0.733333 0.766667 0.800000 0.833333 0.866667 0.900000 0.933333 0.966667 1.000000</float_array><technique_common><accessor source="#mixamorig_Spine1-Matrix-animation-input-array" count="31"><param name="TIME" type="float"/></accessor></technique_common></source><source id="mixamorig_Spine1-Matrix-animation-output-transform"><float_array id="mixamorig_Spine1-Matrix-animation-output-transform-array" count="496">

0.999889 -0.007950 0.012571 0.000000 0.008035 0.999945 -0.006721 0.137500 -0.012517 0.006821 0.999898 -0.000000 0.000000 0.000000 0.000000 1.000000
0.999719 -0.001147 0.023665 -0.000000 0.001323 0.999971 -0.007444 0.137500 -0.023656 0.007473 0.999692 -0.000000 0.000000 0.000000 0.000000 1.000000
0.999440 0.002776 0.033352 0.000000 -0.002395 0.999931 -0.011468 0.137500 -0.033381 0.011381 0.999378 0.000000 0.000000 0.000000 0.000000 1.000000
0.999152 0.004897 0.040874 0.000000 -0.004352 0.999900 -0.013423 0.137500 -0.040936 0.013234 0.999074 0.000000 0.000000 0.000000 0.000000 1.000000
0.998843 0.008267 0.047367 0.000000 -0.007510 0.999841 -0.016145 0.137500 -0.047493 0.015771 0.998747 0.000000 0.000000 0.000000 0.000000 1.000000
0.998415 0.012870 0.054794 0.000000 -0.011975 0.999790 -0.016640 0.137500 -0.054997 0.015957 0.998359 0.000000 0.000000 0.000000 0.000000 1.000000
0.997815 0.017889 0.063601 0.000000 -0.016872 0.999722 -0.016497 0.137500 -0.063878 0.015388 0.997839 0.000000 0.000000 0.000000 0.000000 1.000000
0.997152 0.022025 0.072130 0.000000 -0.020956 0.999660 -0.015535 0.137500 -0.072448 0.013979 0.997274 -0.000000 0.000000 0.000000 0.000000 1.000000
0.996618 0.025491 0.078124 -0.000000 -0.024519 0.999610 -0.013373 0.137500 -0.078434 0.011412 0.996854 0.000000 0.000000 0.000000 0.000000 1.000000
0.996374 0.029498 0.079808 0.000000 -0.029195 0.999561 -0.004965 0.137500 -0.079919 0.002617 0.996798 0.000000 0.000000 0.000000 0.000000 1.000000
0.996475 0.035765 0.075891 0.000000 -0.036329 0.999321 0.006067 0.137500 -0.075622 -0.008803 0.997098 0.000000 0.000000 0.000000 0.000000 1.000000
0.997035 0.038315 0.066736 0.000000 -0.038943 0.999208 0.008125 0.137500 -0.066372 -0.010700 0.997738 0.000000 0.000000 0.000000 0.000000 1.000000
0.997864 0.034776 0.055298 0.000000 -0.035057 0.999377 0.004116 0.137500 -0.055120 -0.006046 0.998461 -0.000000 0.000000 0.000000 0.000000 1.000000
0.998619 0.029624 0.043381 -0.000000 -0.029664 0.999560 0.000267 0.137500 -0.043354 -0.001554 0.999059 0.000000 0.000000 0.000000 0.000000 1.000000
0.999354 0.020231 0.029687 0.000000 -0.020133 0.999791 -0.003584 0.137500 -0.029753 0.002983 0.999553 0.000000 0.000000 0.000000 0.000000 1.000000
0.999852 0.011317 0.012958 -0.000000 -0.011264 0.999928 -0.004173 0.137500 -0.013004 0.004026 0.999907 0.000000 0.000000 0.000000 0.000000 1.000000
0.999966 0.006748 -0.004649 0.000000 -0.006772 0.999964 -0.005195 0.137500 0.004614 0.005226 0.999976 0.000000 0.000000 0.000000 0.000000 1.000000
0.999808 0.005747 -0.018753 0.000000 -0.005884 0.999957 -0.007227 0.137500 0.018711 0.007336 0.999798 0.000000 0.000000 0.000000 0.000000 1.000000
0.999603 0.006061 -0.027509 -0.000000 -0.006306 0.999941 -0.008843 0.137500 0.027454 0.009013 0.999582 -0.000000 0.000000 0.000000 0.000000 1.000000
0.999448 0.003951 -0.032975 0.000000 -0.004349 0.999919 -0.012002 0.137500 0.032925 0.012139 0.999384 0.000000 0.000000 0.000000 0.000000 1.000000
0.999243 0.001557 -0.038859 0.000000 -0.002154 0.999880 -0.015338 0.137500 0.038831 0.015410 0.999127 0.000000 0.000000 0.000000 0.000000 1.000000
0.998912 -0.002717 -0.046546 0.000000 0.001933 0.999856 -0.016879 0.137500 0.046585 0.016770 0.998774 0.000000 0.000000 0.000000 0.000000 1.000000
0.998477 -0.007187 -0.054698 0.000000 0.006349 0.999860 -0.015471 0.137500 0.054802 0.015100 0.998383 0.000000 0.000000 0.000000 0.000000 1.000000
0.998129 -0.012006 -0.059949 -0.000000 0.011414 0.999883 -0.010209 0.137500 0.060065 0.009505 0.998149 0.000000 0.000000 0.000000 0.000000 1.000000
0.998113 -0.016340 -0.059188 0.000000 0.016410 0.999865 0.000700 0.137500 0.059169 -0.001670 0.998247 0.000000 0.000000 0.000000 0.000000 1.000000
0.998378 -0.022590 -0.052262 -0.000000 0.023122 0.999687 0.009592 0.137500 0.052029 -0.010785 0.998587 -0.000000 0.000000 0.000000 0.000000 1.000000
0.998662 -0.029264 -0.042637 -0.000000 0.029720 0.999507 0.010100 0.137500 0.042321 -0.011354 0.999040 0.000000 0.000000 0.000000 0.000000 1.000000
0.998978 -0.030573 -0.033296 -0.000000 0.030790 0.999508 0.006017 0.137500 0.033096 -0.007037 0.999427 0.000000 0.000000 0.000000 0.000000 1.000000
0.999353 -0.027410 -0.023278 -0.000000 0.027435 0.999623 0.000773 0.137500 0.023248 -0.001411 0.999729 0.000000 0.000000 0.000000 0.000000 1.000000
0.999730 -0.020682 -0.010557 0.000000 0.020635 0.999777 -0.004460 0.137500 0.010647 0.004241 0.999934 0.000000 0.000000 0.000000 0.000000 1.000000
0.999910 -0.012639 0.004540 -0.000000 0.012666 0.999901 -0.006054 0.137500 -0.004463 0.006111 0.999971 -0.000000 0.000000 0.000000 0.000000 1.000000</float_array><technique_common><accessor source="#mixamorig_Spine1-Matrix-animation-output-transform-array" count="31" stride="16"><param type="float4x4"/></accessor></technique_common></source><source id="mixamorig_Spine1-Interpolations"><Name_array id="mixamorig_Spine1-Interpolations-array" count="31">
 LINEAR LINEAR LINEAR LINEAR LINEAR LINEAR LINEAR LINEAR LINEAR LINEAR LINEAR
LINEAR LINEAR LINEAR LINEAR LINEAR LINEAR LINEAR LINEAR LINEAR LINEAR LINEAR LINEAR
LINEAR LINEAR LINEAR LINEAR LINEAR LINEAR LINEAR LINEAR</Name_array><technique_common><accessor source="#mixamorig_Spine1-Interpolations-array" count="31"><param type="name"/></accessor></technique_common></source><sampler id="mixamorig_Spine1-Matrix-animation-transform"><input semantic="INPUT" source="#mixamorig_Spine1-Matrix-animation-input"/><input semantic="OUTPUT" source="#mixamorig_Spine1-Matrix-animation-output-transform"/><input semantic="INTERPOLATION" source="#mixamorig_Spine1-Interpolations"/></sampler><channel source="#mixamorig_Spine1-Matrix-animation-transform" target="mixamorig_Spine1/matrix"/></animation>
    <animation id="mixamorig_Spine2-anim" name="mixamorig_Spine2"><source id="mixamorig_Spine2-Matrix-animation-input"><float_array id="mixamorig_Spine2-Matrix-animation-input-array" count="31">

0.000000 0.033333 0.066667 0.100000 0.133333 0.166667 0.200000 0.233333 0.266667 0.300000 0.333333 0.366667 0.400000 0.433333 0.466667 0.500000
0.533333 0.566667 0.600000 0.633333 0.666667 0.700000 0.733333 0.766667 0.800000 0.833333 0.866667 0.900000 0.933333 0.966667 1.000000</float_array><technique_common><accessor source="#mixamorig_Spine2-Matrix-animation-input-array" count="31"><param name="TIME" type="float"/></accessor></technique_common></source><source id="mixamorig_Spine2-Matrix-animation-output-transform"><float_array id="mixamorig_Spine2-Matrix-animation-output-transform-array" count="496">

0.999889 -0.007950 0.012572 -0.000000 0.008035 0.999945 -0.006721 0.157100 -0.012517 0.006821 0.999898 0.000000 0.000000 0.000000 0.000000 1.000000
0.999719 -0.001147 0.023665 0.000000 0.001323 0.999971 -0.007444 0.157100 -0.023656 0.007473 0.999692 0.000000 0.000000 0.000000 0.000000 1.000000
0.999440 0.002776 0.033352 -0.000000 -0.002395 0.999931 -0.011468 0.157100 -0.033381 0.011381 0.999378 0.000000 0.000000 0.000000 0.000000 1.000000
0.999152 0.004897 0.040874 -0.000000 -0.004352 0.999900 -0.013423 0.157100 -0.040936 0.013234 0.999074 0.000000 0.000000 0.000000 0.000000 1.000000
0.998843 0.008267 0.047367 -0.000000 -0.007510 0.999841 -0.016145 0.157100 -0.047493 0.015771 0.998747 0.000000 0.000000 0.000000 0.000000 1.000000
0.998415 0.012870 0.054794 0.000000 -0.011975 0.999790 -0.016640 0.157100 -0.054997 0.015957 0.998359 0.000000 0.000000 0.000000 0.000000 1.000000
0.997815 0.017889 0.063601 0.000000 -0.016872 0.999722 -0.016497 0.157100 -0.063878 0.015388 0.997839 0.000000 0.000000 0.000000 0.000000 1.000000
0.997152 0.022025 0.072130 0.000000 -0.020956 0.999660 -0.015535 0.157100 -0.072448 0.013979 0.997274 0.000000 0.000000 0.000000 0.000000 1.000000
0.996618 0.025491 0.078123 0.000000 -0.024519 0.999610 -0.013373 0.157100 -0.078434 0.011412 0.996854 -0.000000 0.000000 0.000000 0.000000 1.000000
0.996374 0.029498 0.079808 -0.000000 -0.029195 0.999561 -0.004965 0.157100 -0.079919 0.002617 0.996798 0.000000 0.000000 0.000000 0.000000 1.000000
0.996475 0.035765 0.075891 0.000000 -0.036329 0.999321 0.006067 0.157100 -0.075622 -0.008803 0.997098 -0.000000 0.000000 0.000000 0.000000 1.000000
0.997035 0.038315 0.066736 -0.000000 -0.038943 0.999208 0.008125 0.157100 -0.066372 -0.010700 0.997738 -0.000000 0.000000 0.000000 0.000000 1.000000
0.997864 0.034776 0.055298 -0.000000 -0.035057 0.999377 0.004116 0.157100 -0.055120 -0.006046 0.998461 -0.000000 0.000000 0.000000 0.000000 1.000000
0.998619 0.029624 0.043381 -0.000000 -0.029664 0.999560 0.000267 0.157100 -0.043354 -0.001554 0.999059 0.000000 0.000000 0.000000 0.000000 1.000000
0.999354 0.020231 0.029687 0.000000 -0.020133 0.999791 -0.003584 0.157100 -0.029753 0.002984 0.999553 0.000000 0.000000 0.000000 0.000000 1.000000
0.999852 0.011317 0.012958 0.000000 -0.011264 0.999928 -0.004173 0.157100 -0.013004 0.004026 0.999907 0.000000 0.000000 0.000000 0.000000 1.000000
0.999966 0.006748 -0.004649 -0.000000 -0.006772 0.999964 -0.005195 0.157100 0.004614 0.005226 0.999976 0.000000 0.000000 0.000000 0.000000 1.000000
0.999808 0.005747 -0.018753 0.000000 -0.005884 0.999957 -0.007227 0.157100 0.018711 0.007336 0.999798 0.000000 0.000000 0.000000 0.000000 1.000000
0.999603 0.006061 -0.027509 -0.000000 -0.006306 0.999941 -0.008843 0.157100 0.027454 0.009013 0.999582 0.000000 0.000000 0.000000 0.000000 1.000000
0.999448 0.003951 -0.032975 0.000000 -0.004349 0.999919 -0.012002 0.157100 0.032925 0.012139 0.999384 0.000000 0.000000 0.000000 0.000000 1.000000
0.999243 0.001557 -0.038859 0.000000 -0.002154 0.999880 -0.015338 0.157100 0.038831 0.015410 0.999127 0.000000 0.000000 0.000000 0.000000 1.000000
0.998912 -0.002717 -0.046546 -0.000000 0.001933 0.999856 -0.016879 0.157100 0.046585 0.016770 0.998774 0.000000 0.000000 0.000000 0.000000 1.000000
0.998477 -0.007187 -0.054698 0.000000 0.006349 0.999860 -0.015471 0.157100 0.054802 0.015100 0.998383 -0.000000 0.000000 0.000000 0.000000 1.000000
0.998129 -0.012006 -0.059949 0.000000 0.011414 0.999883 -0.010209 0.157100 0.060065 0.009505 0.998149 0.000000 0.000000 0.000000 0.000000 1.000000
0.998113 -0.016340 -0.059188 0.000000 0.016410 0.999865 0.000700 0.157100 0.059169 -0.001670 0.998247 -0.000000 0.000000 0.000000 0.000000 1.000000
0.998378 -0.022590 -0.052262 0.000000 0.023122 0.999687 0.009592 0.157100 0.052029 -0.010785 0.998587 0.000000 0.000000 0.000000 0.000000 1.000000
0.998662 -0.029264 -0.042637 0.000000 0.029720 0.999507 0.010100 0.157100 0.042321 -0.011354 0.999040 0.000000 0.000000 0.000000 0.000000 1.000000
0.998978 -0.030573 -0.033296 0.000000 0.030790 0.999508 0.006017 0.157100 0.033096 -0.007036 0.999427 0.000000 0.000000 0.000000 0.000000 1.000000
0.999353 -0.027410 -0.023278 0.000000 0.027435 0.999623 0.000773 0.157100 0.023248 -0.001411 0.999729 0.000000 0.000000 0.000000 0.000000 1.000000
0.999730 -0.020682 -0.010557 -0.000000 0.020635 0.999777 -0.004460 0.157100 0.010647 0.004241 0.999934 0.000000 0.000000 0.000000 0.000000 1.000000
0.999910 -0.012639 0.004540 -0.000000 0.012666 0.999901 -0.006054 0.157100 -0.004463 0.006111 0.999971 0.000000 0.000000 0.000000 0.000000 1.000000</float_array><technique_common><accessor source="#mixamorig_Spine2-Matrix-animation-output-transform-array" count="31" stride="16"><param type="float4x4"/></accessor></technique_common></source><source id="mixamorig_Spine2-Interpolations"><Name_array id="mixamorig_Spine2-Interpolations-array" count="31">
 LINEAR LINEAR LINEAR LINEAR LINEAR LINEAR LINEAR LINEAR LINEAR LINEAR LINEAR
LINEAR LINEAR LINEAR LINEAR LINEAR LINEAR LINEAR LINEAR LINEAR LINEAR LINEAR LINEAR
LINEAR LINEAR LINEAR LINEAR LINEAR LINEAR LINEAR LINEAR</Name_array><technique_common><accessor source="#mixamorig_Spine2-Interpolations-array" count="31"><param type="name"/></accessor></technique_common></source><sampler id="mixamorig_Spine2-Matrix-animation-transform"><input semantic="INPUT" source="#mixamorig_Spine2-Matrix-animation-input"/><input semantic="OUTPUT" source="#mixamorig_Spine2-Matrix-animation-output-transform"/><input semantic="INTERPOLATION" source="#mixamorig_Spine2-Interpolations"/></sampler><channel source="#mixamorig_Spine2-Matrix-animation-transform" target="mixamorig_Spine2/matrix"/></animation>
    <animation id="mixamorig_Neck-anim" name="mixamorig_Neck"><source id="mixamorig_Neck-Matrix-animation-input"><float_array id="mixamorig_Neck-Matrix-animation-input-array" count="31">

0.000000 0.033333 0.066667 0.100000 0.133333 0.166667 0.200000 0.233333 0.266667 0.300000 0.333333 0.366667 0.400000 0.433333 0.466667 0.500000
0.533333 0.566667 0.600000 0.633333 0.666667 0.700000 0.733333 0.766667 0.800000 0.833333 0.866667 0.900000 0.933333 0.966667 1.000000</float_array><technique_common><accessor source="#mixamorig_Neck-Matrix-animation-input-array" count="31"><param name="TIME" type="float"/></accessor></technique_common></source><source id="mixamorig_Neck-Matrix-animation-output-transform"><float_array id="mixamorig_Neck-Matrix-animation-output-transform-array" count="496">

0.999746 0.021083 -0.007958 0.000000 -0.020581 0.998069 0.058606 0.176800 0.009179 -0.058427 0.998249 0.000000 0.000000 0.000000 0.000000 1.000000
0.999910 0.007971 -0.010797 -0.000000 -0.007434 0.998778 0.048868 0.176800 0.011173 -0.048784 0.998747 0.000000 0.000000 0.000000 0.000000 1.000000
0.999844 -0.009425 -0.014949 0.000000 0.010132 0.998797 0.047984 0.176800 0.014478 -0.048128 0.998736 0.000000 0.000000 0.000000 0.000000 1.000000
0.999615 -0.021555 -0.017455 0.000000 0.022086 0.999280 0.030847 0.176800 0.016778 -0.031220 0.999372 0.000000 0.000000 0.000000 0.000000 1.000000
0.999125 -0.036407 -0.020577 0.000000 0.036849 0.999088 0.021556 0.176800 0.019773 -0.022295 0.999556 0.000000 0.000000 0.000000 0.000000 1.000000
0.998170 -0.055005 -0.025131 -0.000000 0.055336 0.998387 0.012678 0.176800 0.024393 -0.014046 0.999604 0.000000 0.000000 0.000000 0.000000 1.000000
0.996724 -0.074692 -0.031030 0.000000 0.075140 0.997081 0.013537 0.176800 0.029928 -0.015824 0.999427 0.000000 0.000000 0.000000 0.000000 1.000000
0.995597 -0.086576 -0.035945 0.000000 0.087578 0.995783 0.027305 0.176800 0.033430 -0.030332 0.998981 0.000000 0.000000 0.000000 0.000000 1.000000
0.995657 -0.085263 -0.037373 0.000000 0.087156 0.994819 0.052344 0.176800 0.032716 -0.055374 0.997930 0.000000 0.000000 0.000000 0.000000 1.000000
0.996298 -0.078678 -0.034652 -0.000000 0.080292 0.995618 0.047942 0.176800 0.030728 -0.050546 0.998249 0.000000 0.000000 0.000000 0.000000 1.000000
0.996321 -0.079792 -0.031282 -0.000000 0.080761 0.996250 0.031052 0.176800 0.028687 -0.033464 0.999028 0.000000 0.000000 0.000000 0.000000 1.000000
0.997421 -0.067082 -0.025508 0.000000 0.068110 0.996801 0.041828 0.176800 0.022620 -0.043458 0.998799 0.000000 0.000000 0.000000 0.000000 1.000000
0.998900 -0.043816 -0.016723 0.000000 0.044512 0.998048 0.043800 0.176800 0.014771 -0.044497 0.998900 -0.000000 0.000000 0.000000 0.000000 1.000000
0.999370 -0.033856 -0.010665 0.000000 0.034157 0.998983 0.029434 0.176800 0.009658 -0.029780 0.999510 -0.000000 0.000000 0.000000 0.000000 1.000000
0.999820 -0.018636 -0.003588 0.000000 0.018713 0.999566 0.022757 0.176800 0.003162 -0.022820 0.999735 0.000000 0.000000 0.000000 0.000000 1.000000
0.999952 -0.009636 0.001868 0.000000 0.009626 0.999941 0.005109 0.176800 -0.001917 -0.005091 0.999985 0.000000 0.000000 0.000000 0.000000 1.000000
0.999948 -0.008576 0.005471 -0.000000 0.008584 0.999962 -0.001355 0.176800 -0.005459 0.001402 0.999984 0.000000 0.000000 0.000000 0.000000 1.000000
0.999943 -0.005964 0.008870 0.000000 0.005928 0.999974 0.004118 0.176800 -0.008894 -0.004065 0.999952 0.000000 0.000000 0.000000 0.000000 1.000000
0.999930 0.000212 0.011805 -0.000000 -0.000240 0.999997 0.002405 0.176800 -0.011804 -0.002408 0.999927 0.000000 0.000000 0.000000 0.000000 1.000000
0.999771 0.015156 0.015112 0.000000 -0.015229 0.999873 0.004718 0.176800 -0.015039 -0.004947 0.999875 0.000000 0.000000 0.000000 0.000000 1.000000
0.999564 0.024469 0.016502 0.000000 -0.024588 0.999673 0.007018 0.176800 -0.016325 -0.007421 0.999839 0.000000 0.000000 0.000000 0.000000 1.000000
0.999085 0.038274 0.019065 0.000000 -0.038661 0.999045 0.020346 0.176800 -0.018268 -0.021064 0.999611 0.000000 0.000000 0.000000 0.000000 1.000000
0.998571 0.048821 0.021724 0.000000 -0.049708 0.997864 0.042375 0.176800 -0.019609 -0.043395 0.998866 0.000000 0.000000 0.000000 0.000000 1.000000
0.998203 0.055150 0.023423 0.000000 -0.056488 0.996543 0.060927 0.176800 -0.019982 -0.062141 0.997867 -0.000000 0.000000 0.000000 0.000000 1.000000
0.998474 0.051011 0.021147 0.000000 -0.052142 0.997016 0.056917 0.176800 -0.018180 -0.057932 0.998155 0.000000 0.000000 0.000000 0.000000 1.000000
0.998855 0.044509 0.017548 0.000000 -0.045485 0.997169 0.059872 0.176800 -0.014834 -0.060601 0.998052 0.000000 0.000000 0.000000 0.000000 1.000000
0.999170 0.038456 0.013413 0.000000 -0.039407 0.996027 0.079863 0.176800 -0.010288 -0.080326 0.996716 0.000000 0.000000 0.000000 0.000000 1.000000
0.999712 0.023078 0.006565 0.000000 -0.023587 0.995436 0.092474 0.176800 -0.004401 -0.092602 0.995693 0.000000 0.000000 0.000000 0.000000 1.000000
0.999907 0.013618 0.000698 -0.000000 -0.013626 0.995976 0.088579 0.176800 0.000511 -0.088580 0.996069 0.000000 0.000000 0.000000 0.000000 1.000000
0.999940 0.010189 -0.003903 0.000000 -0.009821 0.996352 0.084774 0.176800 0.004753 -0.084731 0.996393 0.000000 0.000000 0.000000 0.000000 1.000000
0.999842 0.016499 -0.006556 0.000000 -0.016023 0.997620 0.067070 0.176800 0.007647 -0.066954 0.997727 -0.000000 0.000000 0.000000 0.000000 1.000000</float_array><technique_common><accessor source="#mixamorig_Neck-Matrix-animation-output-transform-array" count="31" stride="16"><param type="float4x4"/></accessor></technique_common></source><source id="mixamorig_Neck-Interpolations"><Name_array id="mixamorig_Neck-Interpolations-array" count="31">
 LINEAR LINEAR LINEAR LINEAR LINEAR LINEAR LINEAR LINEAR LINEAR LINEAR LINEAR
LINEAR LINEAR LINEAR LINEAR LINEAR LINEAR LINEAR LINEAR LINEAR LINEAR LINEAR LINEAR
LINEAR LINEAR LINEAR LINEAR LINEAR LINEAR LINEAR LINEAR</Name_array><technique_common><accessor source="#mixamorig_Neck-Interpolations-array" count="31"><param type="name"/></accessor></technique_common></source><sampler id="mixamorig_Neck-Matrix-animation-transform"><input semantic="INPUT" source="#mixamorig_Neck-Matrix-animation-input"/><input semantic="OUTPUT" source="#mixamorig_Neck-Matrix-animation-output-transform"/><input semantic="INTERPOLATION" source="#mixamorig_Neck-Interpolations"/></sampler><channel source="#mixamorig_Neck-Matrix-animation-transform" target="mixamorig_Neck/matrix"/></animation>
    <animation id="mixamorig_Head-anim" name="mixamorig_Head"><source id="mixamorig_Head-Matrix-animation-input"><float_array id="mixamorig_Head-Matrix-animation-input-array" count="31">

0.000000 0.033333 0.066667 0.100000 0.133333 0.166667 0.200000 0.233333 0.266667 0.300000 0.333333 0.366667 0.400000 0.433333 0.466667 0.500000
0.533333 0.566667 0.600000 0.633333 0.666667 0.700000 0.733333 0.766667 0.800000 0.833333 0.866667 0.900000 0.933333 0.966667 1.000000</float_array><technique_common><accessor source="#mixamorig_Head-Matrix-animation-input-array" count="31"><param name="TIME" type="float"/></accessor></technique_common></source><source id="mixamorig_Head-Matrix-animation-output-transform"><float_array id="mixamorig_Head-Matrix-animation-output-transform-array" count="496">

0.998050 -0.033250 -0.052817 0.000000 0.030730 0.998383 -0.047823 0.079500 0.054322 0.046107 0.997458 0.001900 0.000000 0.000000 0.000000 1.000000
0.998313 -0.027067 -0.051360 0.000000 0.025028 0.998889 -0.039936 0.079500 0.052383 0.038583 0.997881 0.001900 0.000000 0.000000 0.000000 1.000000
0.998773 -0.015085 -0.047165 -0.000000 0.013342 0.999225 -0.037045 0.079500 0.047687 0.036370 0.998200 0.001900 0.000000 0.000000 0.000000 1.000000
0.999026 -0.006917 -0.043581 0.000000 0.005773 0.999637 -0.026334 0.079500 0.043748 0.026056 0.998703 0.001900 0.000000 0.000000 0.000000 1.000000
0.999182 0.001237 -0.040422 0.000000 -0.002030 0.999806 -0.019591 0.079500 0.040390 0.019657 0.998991 0.001900 0.000000 0.000000 0.000000 1.000000
0.999235 0.009031 -0.038056 -0.000000 -0.009504 0.999880 -0.012267 0.079500 0.037940 0.012620 0.999200 0.001900 0.000000 0.000000 0.000000 1.000000
0.999208 0.013655 -0.037381 0.000000 -0.013999 0.999862 -0.008954 0.079500 0.037253 0.009470 0.999261 0.001900 0.000000 0.000000 0.000000 1.000000
0.999140 0.009377 -0.040402 0.000000 -0.009973 0.999844 -0.014589 0.079500 0.040259 0.014979 0.999077 0.001900 0.000000 0.000000 0.000000 1.000000
0.998877 -0.005631 -0.047039 -0.000000 0.004318 0.999599 -0.027980 0.079500 0.047177 0.027745 0.998501 0.001900 0.000000 0.000000 0.000000 1.000000
0.998386 -0.023718 -0.051598 0.000000 0.022636 0.999514 -0.021448 0.079500 0.052082 0.020245 0.998438 0.001900 0.000000 0.000000 0.000000 1.000000
0.998230 -0.033444 -0.049169 0.000000 0.032908 0.999390 -0.011662 0.079500 0.049529 0.010023 0.998722 0.001900 0.000000 0.000000 0.000000 1.000000
0.998177 -0.042583 -0.042766 -0.000000 0.041583 0.998847 -0.024006 0.079500 0.043739 0.022183 0.998797 0.001900 0.000000 0.000000 0.000000 1.000000
0.998206 -0.050365 -0.032368 0.000000 0.049323 0.998263 -0.032224 0.079500 0.033935 0.030569 0.998956 0.001900 0.000000 0.000000 0.000000 1.000000
0.998664 -0.048818 -0.016939 0.000000 0.048232 0.998276 -0.033440 0.079500 0.018542 0.032578 0.999297 0.001900 0.000000 0.000000 0.000000 1.000000
0.998674 -0.051247 -0.004818 0.000000 0.051022 0.997939 -0.038916 0.079500 0.006802 0.038618 0.999231 0.001900 0.000000 0.000000 0.000000 1.000000
0.998494 -0.054660 0.004780 0.000000 0.054781 0.998030 -0.030577 0.079500 -0.003100 0.030792 0.999521 0.001900 0.000000 0.000000 0.000000 1.000000
0.998258 -0.057855 0.011598 0.000000 0.058086 0.998099 -0.020606 0.079500 -0.010384 0.021244 0.999720 0.001900 0.000000 0.000000 0.000000 1.000000
0.997890 -0.063237 0.014752 0.000000 0.063439 0.997892 -0.013695 0.079500 -0.013855 0.014602 0.999797 0.001900 0.000000 0.000000 0.000000 1.000000
0.997508 -0.068812 0.015594 0.000000 0.068847 0.997626 -0.001700 0.079500 -0.015440 0.002770 0.999877 0.001900 0.000000 0.000000 0.000000 1.000000
0.997089 -0.074927 0.014111 0.000000 0.074855 0.997179 0.005577 0.079500 -0.014489 -0.004505 0.999885 0.001900 0.000000 0.000000 0.000000 1.000000
0.997178 -0.073705 0.014289 0.000000 0.073550 0.997230 0.011077 0.079500 -0.015065 -0.009995 0.999837 0.001900 0.000000 0.000000 0.000000 1.000000
0.997414 -0.070593 0.013505 -0.000000 0.070540 0.997499 0.004419 0.079500 -0.013783 -0.003455 0.999899 0.001900 0.000000 0.000000 0.000000 1.000000
0.997916 -0.063281 0.012651 0.000000 0.063416 0.997931 -0.010550 0.079500 -0.011957 0.011330 0.999864 0.001900 0.000000 0.000000 0.000000 1.000000
0.998470 -0.054264 0.010676 -0.000000 0.054496 0.998256 -0.022714 0.079500 -0.009425 0.023262 0.999685 0.001900 0.000000 0.000000 0.000000 1.000000
0.999027 -0.043375 0.008008 0.000000 0.043532 0.998841 -0.020549 0.079500 -0.007107 0.020878 0.999757 0.001900 0.000000 0.000000 0.000000 1.000000
0.999323 -0.036709 0.002327 0.000000 0.036753 0.999063 -0.022857 0.079500 -0.001486 0.022927 0.999736 0.001900 0.000000 0.000000 0.000000 1.000000
0.999327 -0.036137 -0.006224 0.000000 0.035902 0.998761 -0.034461 0.079500 0.007462 0.034215 0.999387 0.001900 0.000000 0.000000 0.000000 1.000000
0.999315 -0.033873 -0.014872 0.000000 0.033175 0.998441 -0.044880 0.079500 0.016369 0.044356 0.998882 0.001900 0.000000 0.000000 0.000000 1.000000
0.999086 -0.034499 -0.025222 0.000000 0.033264 0.998300 -0.047871 0.079500 0.026831 0.046988 0.998535 0.001900 0.000000 0.000000 0.000000 1.000000
0.998735 -0.034862 -0.036241 0.000000 0.032901 0.998032 -0.053373 0.079500 0.038030 0.052113 0.997917 0.001900 0.000000 0.000000 0.000000 1.000000
0.998222 -0.035760 -0.047679 0.000000 0.033319 0.998140 -0.051049 0.079500 0.049415 0.049370 0.997557 0.001900 0.000000 0.000000 0.000000 1.000000</float_array><technique_common><accessor source="#mixamorig_Head-Matrix-animation-output-transform-array" count="31" stride="16"><param type="float4x4"/></accessor></technique_common></source><source id="mixamorig_Head-Interpolations"><Name_array id="mixamorig_Head-Interpolations-array" count="31">
 LINEAR LINEAR LINEAR LINEAR LINEAR LINEAR LINEAR LINEAR LINEAR LINEAR LINEAR
LINEAR LINEAR LINEAR LINEAR LINEAR LINEAR LINEAR LINEAR LINEAR LINEAR LINEAR LINEAR
LINEAR LINEAR LINEAR LINEAR LINEAR LINEAR LINEAR LINEAR</Name_array><technique_common><accessor source="#mixamorig_Head-Interpolations-array" count="31"><param type="name"/></accessor></technique_common></source><sampler id="mixamorig_Head-Matrix-animation-transform"><input semantic="INPUT" source="#mixamorig_Head-Matrix-animation-input"/><input semantic="OUTPUT" source="#mixamorig_Head-Matrix-animation-output-transform"/><input semantic="INTERPOLATION" source="#mixamorig_Head-Interpolations"/></sampler><channel source="#mixamorig_Head-Matrix-animation-transform" target="mixamorig_Head/matrix"/></animation>
    <animation id="mixamorig_LeftShoulder-anim" name="mixamorig_LeftShoulder"><source id="mixamorig_LeftShoulder-Matrix-animation-input"><float_array id="mixamorig_LeftShoulder-Matrix-animation-input-array" count="31">

0.000000 0.033333 0.066667 0.100000 0.133333 0.166667 0.200000 0.233333 0.266667 0.300000 0.333333 0.366667 0.400000 0.433333 0.466667 0.500000
