<?xml version="1.0" encoding="utf-8"?>
<COLLADA xmlns="http://www.collada.org/2005/11/COLLADASchema" version="1.4.1">
  <asset><contributor><author>Mixamo</author><authoring_tool>COLLADA Mixamo exporter</authoring_tool><comments></comments></contributor><created>2020-11-22T23:07:01Z</created><modified>2020-11-22T23:07:01Z</modified><revision></revision><title></title><unit meter="0.010000"/><up_axis>Y_UP</up_axis></asset>
  <library_animations>
    <animation id="mixamorig_Hips-anim" name="mixamorig_Hips"><source id="mixamorig_Hips-Matrix-animation-input"><float_array id="mixamorig_Hips-Matrix-animation-input-array" count="126">

0.000000 0.033333 0.066667 0.100000 0.133333 0.166667 0.200000 0.233333 0.266667 0.300000 0.333333 0.366667 0.400000 0.433333 0.466667 0.500000
0.533333 0.566667 0.600000 0.633333 0.666667 0.700000 0.733333 0.766667 0.800000 0.833333 0.866667 0.900000 0.933333 0.966667 1.000000 1.033333
1.066667 1.100000 1.133333 1.166667 1.200000 1.233333 1.266667 1.300000 1.333333 1.366667 1.400000 1.433333 1.466667 1.500000 1.533333 1.566667
1.600000 1.633333 1.666667 1.700000 1.733333 1.766667 1.800000 1.833333 1.866667 1.900000 1.933333 1.966667 2.000000 2.033333 2.066667 2.100000
2.133333 2.166667 2.200000 2.233333 2.266667 2.300000 2.333333 2.366667 2.400000 2.433333 2.466667 2.500000 2.533333 2.566667 2.600000 2.633333
2.666667 2.700000 2.733333 2.766667 2.800000 2.833333 2.866667 2.900000 2.933333 2.966667 3.000000 3.033333 3.066667 3.100000 3.133333 3.166667
3.200000 3.233333 3.266667 3.300000 3.333333 3.366667 3.400000 3.433333 3.466667 3.500000 3.533333 3.566667 3.600000 3.633333 3.666667 3.700000
3.733333 3.766667 3.800000 3.833333 3.866667 3.900000 3.933333 3.966667 4.000000 4.033333 4.066667 4.100000 4.133333 4.166667</float_array><technique_common><accessor source="#mixamorig_Hips-Matrix-animation-input-array" count="126"><param name="TIME" type="float"/></accessor></technique_common></source><source id="mixamorig_Hips-Matrix-animation-output-transform"><float_array id="mixamorig_Hips-Matrix-animation-output-transform-array" count="2016">

0.944682 0.004534 -0.327957 0.015806 -0.071520 0.978690 -0.192483 1.100436 0.320095 0.205291 0.924875 -0.032379 0.000000 0.000000 0.000000 1.000000
0.949054 0.005984 -0.315058 0.014432 -0.064542 0.982314 -0.175764 1.102353 0.308434 0.187144 0.932655 -0.025170 0.000000 0.000000 0.000000 1.000000
0.956985 0.007968 -0.290027 0.012764 -0.052644 0.987799 -0.146569 1.104726 0.285321 0.155533 0.945728 -0.014207 0.000000 0.000000 0.000000 1.000000
0.967954 0.009065 -0.250964 0.010936 -0.036756 0.993700 -0.105873 1.107158 0.248423 0.111704 0.962189 0.000478 0.000000 0.000000 0.000000 1.000000
0.979750 0.008374 -0.200051 0.009129 -0.020548 0.998055 -0.058854 1.109439 0.199169 0.061772 0.978016 0.018186 0.000000 0.000000 0.000000 1.000000
0.989668 0.005835 -0.143261 0.007609 -0.007585 0.999903 -0.011674 1.111383 0.143179 0.012640 0.989616 0.037717 0.000000 0.000000 0.000000 1.000000
0.996142 0.000734 -0.087755 0.006429 0.001757 0.999598 0.028301 1.112280 0.087741 -0.028346 0.995740 0.057684 0.000000 0.000000 0.000000 1.000000
0.999247 -0.006807 -0.038192 0.005015 0.008988 0.998320 0.057248 1.111180 0.037738 -0.057548 0.997629 0.077164 0.000000 0.000000 0.000000 1.000000
0.999841 -0.017367 0.004131 0.002211 0.016993 0.996828 0.077753 1.107454 -0.005469 -0.077671 0.996964 0.095828 0.000000 0.000000 0.000000 1.000000
0.998815 -0.030818 0.037680 -0.002737 0.027145 0.995167 0.094369 1.101408 -0.040406 -0.093234 0.994824 0.113829 0.000000 0.000000 0.000000 1.000000
0.997365 -0.042931 0.058484 -0.009816 0.036323 0.993301 0.109695 1.093435 -0.062801 -0.107282 0.992243 0.131723 0.000000 0.000000 0.000000 1.000000
0.996821 -0.048979 0.062841 -0.018622 0.040897 0.991437 0.124013 1.083258 -0.068377 -0.121049 0.990289 0.150022 0.000000 0.000000 0.000000 1.000000
0.997395 -0.050296 0.051702 -0.028552 0.042800 0.989637 0.137063 1.071213 -0.058060 -0.134494 0.989212 0.168789 0.000000 0.000000 0.000000 1.000000
0.998334 -0.048548 0.031167 -0.038447 0.043402 0.987935 0.148665 1.057425 -0.038008 -0.147065 0.988396 0.185353 0.000000 0.000000 0.000000 1.000000
0.998887 -0.045567 0.012193 -0.047314 0.043056 0.986354 0.158912 1.044441 -0.019268 -0.158210 0.987218 0.204520 0.000000 0.000000 0.000000 1.000000
0.999179 -0.038811 0.011603 -0.053143 0.036325 0.985222 0.167388 1.030875 -0.017928 -0.166829 0.985823 0.223301 0.000000 0.000000 0.000000 1.000000
0.998918 -0.030726 0.034912 -0.054309 0.024266 0.984733 0.172374 1.018717 -0.039675 -0.171340 0.984413 0.243160 0.000000 0.000000 0.000000 1.000000
0.997349 -0.023319 0.068923 -0.051621 0.010907 0.984463 0.175251 1.008063 -0.071939 -0.174034 0.982108 0.264721 0.000000 0.000000 0.000000 1.000000
0.995273 -0.019554 0.095131 -0.046425 0.002116 0.983655 0.180049 0.997534 -0.097097 -0.178996 0.979047 0.288148 0.000000 0.000000 0.000000 1.000000
0.994504 -0.016854 0.103332 -0.037117 -0.002446 0.982949 0.183864 0.982217 -0.104669 -0.183106 0.977505 0.313338 0.000000 0.000000 0.000000 1.000000
0.995723 -0.009059 0.091946 -0.024034 -0.007468 0.984033 0.177829 0.963406 -0.092089 -0.177755 0.979757 0.340365 0.000000 0.000000 0.000000 1.000000
0.997933 -0.000089 0.064258 -0.010014 -0.010125 0.987290 0.158605 0.943498 -0.063456 -0.158928 0.985249 0.368333 0.000000 0.000000 0.000000 1.000000
0.999642 0.001963 0.026699 0.003230 -0.005314 0.992015 0.126010 0.929320 -0.026239 -0.126106 0.991670 0.395263 0.000000 0.000000 0.000000 1.000000
0.999940 0.004051 -0.010198 0.016711 -0.003219 0.996763 0.080333 0.921387 0.010490 -0.080295 0.996716 0.418481 0.000000 0.000000 0.000000 1.000000
0.998261 0.023649 -0.054003 0.030428 -0.022197 0.999380 0.027327 0.911592 0.054616 -0.026081 0.998167 0.439338 0.000000 0.000000 0.000000 1.000000
0.990929 0.044195 -0.126909 0.042168 -0.048474 0.998349 -0.030829 0.909537 0.125337 0.036701 0.991435 0.453507 0.000000 0.000000 0.000000 1.000000
0.975298 0.051836 -0.214724 0.050276 -0.075946 0.991505 -0.105598 0.921731 0.207426 0.119297 0.970949 0.463319 0.000000 0.000000 0.000000 1.000000
0.961993 0.058840 -0.266661 0.056298 -0.112317 0.975343 -0.189974 0.942896 0.248908 0.212704 0.944882 0.475068 0.000000 0.000000 0.000000 1.000000
0.961517 0.078297 -0.263351 0.059736 -0.145951 0.957662 -0.248155 0.964855 0.232772 0.277042 0.932237 0.491668 0.000000 0.000000 0.000000 1.000000
0.967863 0.096483 -0.232234 0.060236 -0.156328 0.954195 -0.255093 0.980314 0.196984 0.283200 0.938613 0.512404 0.000000 0.000000 0.000000 1.000000
0.974469 0.101816 -0.200108 0.060141 -0.148027 0.961471 -0.231648 0.991821 0.168813 0.255356 0.951996 0.532383 0.000000 0.000000 0.000000 1.000000
0.978333 0.101489 -0.180456 0.063010 -0.141278 0.964399 -0.223550 1.000825 0.151343 0.244201 0.957842 0.547506 0.000000 0.000000 0.000000 1.000000
0.977460 0.097448 -0.187284 0.069308 -0.142854 0.958462 -0.246865 1.008677 0.155448 0.268055 0.950780 0.556761 0.000000 0.000000 0.000000 1.000000
0.971099 0.080639 -0.224642 0.077225 -0.143513 0.949326 -0.279613 1.014916 0.190711 0.303771 0.933463 0.560859 0.000000 0.000000 0.000000 1.000000
0.960424 0.052534 -0.273543 0.084011 -0.137563 0.943390 -0.301813 1.019604 0.242202 0.327498 0.913281 0.560860 0.000000 0.000000 0.000000 1.000000
0.952448 0.025261 -0.303652 0.086369 -0.124609 0.941705 -0.312513 1.021867 0.278056 0.335490 0.900073 0.558550 0.000000 0.000000 0.000000 1.000000
0.955933 0.010430 -0.293400 0.083730 -0.106413 0.943720 -0.313160 1.021380 0.273621 0.330582 0.903243 0.556820 0.000000 0.000000 0.000000 1.000000
0.967959 0.013932 -0.250722 0.079514 -0.092404 0.948163 -0.304053 1.018742 0.233490 0.317479 0.919070 0.556637 0.000000 0.000000 0.000000 1.000000
0.976679 0.026965 -0.213004 0.077672 -0.090420 0.951472 -0.294150 1.014701 0.194735 0.306550 0.931721 0.555246 0.000000 0.000000 0.000000 1.000000
0.975750 0.029122 -0.216942 0.079674 -0.093239 0.951994 -0.291571 1.011366 0.198036 0.304728 0.931623 0.550959 0.000000 0.000000 0.000000 1.000000
0.963856 0.013354 -0.266089 0.083484 -0.093643 0.951999 -0.291426 1.011152 0.249425 0.305811 0.918840 0.546490 0.000000 0.000000 0.000000 1.000000
0.944997 0.001080 -0.327077 0.085502 -0.100372 0.952702 -0.286851 1.014508 0.311297 0.303903 0.900409 0.545248 0.000000 0.000000 0.000000 1.000000
0.934570 0.009348 -0.355657 0.084295 -0.117026 0.952106 -0.282487 1.018023 0.335982 0.305625 0.890904 0.547322 0.000000 0.000000 0.000000 1.000000
0.942970 0.028297 -0.331672 0.081705 -0.125079 0.953486 -0.274263 1.018905 0.308484 0.300107 0.902648 0.551006 0.000000 0.000000 0.000000 1.000000
0.959078 0.040116 -0.280285 0.078938 -0.112621 0.962284 -0.247640 1.018761 0.259779 0.269072 0.927424 0.555399 0.000000 0.000000 0.000000 1.000000
0.967069 0.036070 -0.251946 0.074234 -0.091560 0.972938 -0.212154 1.021267 0.237476 0.228236 0.944200 0.560299 0.000000 0.000000 0.000000 1.000000
0.962864 0.021343 -0.269142 0.066574 -0.075562 0.978335 -0.192746 1.027088 0.259197 0.205925 0.943616 0.565254 0.000000 0.000000 0.000000 1.000000
0.951774 0.003462 -0.306781 0.057650 -0.066266 0.978653 -0.194542 1.032495 0.299558 0.205489 0.931686 0.569456 0.000000 0.000000 0.000000 1.000000
0.945486 -0.007127 -0.325585 0.050266 -0.062793 0.977011 -0.203733 1.034519 0.319552 0.213071 0.923302 0.573807 0.000000 0.000000 0.000000 1.000000
0.950545 -0.001415 -0.310584 0.044447 -0.066339 0.975988 -0.207476 1.034090 0.303420 0.217819 0.927626 0.579879 0.000000 0.000000 0.000000 1.000000
0.961747 0.011298 -0.273707 0.035487 -0.070491 0.975710 -0.207416 1.030211 0.264715 0.218776 0.939182 0.586638 0.000000 0.000000 0.000000 1.000000
0.974607 0.004587 -0.223875 0.019490 -0.052682 0.976423 -0.209339 1.014488 0.217637 0.215817 0.951870 0.593267 0.000000 0.000000 0.000000 1.000000
0.987642 -0.009996 -0.156409 0.003854 -0.021433 0.979975 -0.197965 0.991717 0.155256 0.198871 0.967650 0.601817 0.000000 0.000000 0.000000 1.000000
0.996191 0.015998 -0.085722 -0.007342 -0.029644 0.986610 -0.160380 0.986474 0.082009 0.162311 0.983326 0.615312 0.000000 0.000000 0.000000 1.000000
0.996832 0.068626 -0.040199 -0.019739 -0.073226 0.989177 -0.127145 0.996259 0.031038 0.129686 0.991069 0.634836 0.000000 0.000000 0.000000 1.000000
0.995640 0.090283 -0.023452 -0.031397 -0.092623 0.986650 -0.133949 1.008532 0.011046 0.135537 0.990711 0.654678 0.000000 0.000000 0.000000 1.000000
0.996709 0.079731 -0.014637 -0.035034 -0.081055 0.982878 -0.165472 1.017755 0.001194 0.166114 0.986106 0.669428 0.000000 0.000000 0.000000 1.000000
0.997400 0.070592 -0.014497 -0.030656 -0.072062 0.978999 -0.190702 1.022537 0.000731 0.191251 0.981541 0.677536 0.000000 0.000000 0.000000 1.000000
0.996268 0.071402 -0.048505 -0.022984 -0.079840 0.975839 -0.203379 1.022063 0.032812 0.206493 0.977898 0.680783 0.000000 0.000000 0.000000 1.000000
0.990735 0.067359 -0.117926 -0.016290 -0.091350 0.973067 -0.211650 1.021310 0.100493 0.220462 0.970205 0.682656 0.000000 0.000000 0.000000 1.000000
0.981452 0.055469 -0.183510 -0.012526 -0.095485 0.971483 -0.217032 1.023481 0.166238 0.230529 0.958760 0.685152 0.000000 0.000000 0.000000 1.000000
0.977774 0.047059 -0.204311 -0.011121 -0.091922 0.972052 -0.216020 1.028520 0.188435 0.230000 0.954773 0.688693 0.000000 0.000000 0.000000 1.000000
0.982395 0.046505 -0.180933 -0.010762 -0.084801 0.973997 -0.210091 1.034299 0.166458 0.221735 0.960794 0.692353 0.000000 0.000000 0.000000 1.000000
0.987881 0.046873 -0.147966 -0.010707 -0.077327 0.975209 -0.207337 1.039959 0.134579 0.216266 0.967015 0.694633 0.000000 0.000000 0.000000 1.000000
0.989771 0.039687 -0.137035 -0.009816 -0.068534 0.974706 -0.212722 1.045541 0.125127 0.219937 0.967456 0.694500 0.000000 0.000000 0.000000 1.000000
0.987097 0.024459 -0.158245 -0.007033 -0.059949 0.972838 -0.223588 1.050336 0.148478 0.230189 0.961752 0.692442 0.000000 0.000000 0.000000 1.000000
0.980376 0.008792 -0.196938 -0.003121 -0.056077 0.970171 -0.235845 1.053235 0.188990 0.242261 0.951626 0.690039 0.000000 0.000000 0.000000 1.000000
0.974896 -0.001627 -0.222657 0.000385 -0.054922 0.967320 -0.247541 1.054160 0.215783 0.253555 0.942946 0.688520 0.000000 0.000000 0.000000 1.000000
0.976764 -0.007111 -0.214200 0.003063 -0.049395 0.965073 -0.257281 1.054687 0.208549 0.261883 0.942298 0.687999 0.000000 0.000000 0.000000 1.000000
0.983866 -0.009564 -0.178652 0.005411 -0.038629 0.963661 -0.264321 1.056439 0.174688 0.266958 0.947744 0.687744 0.000000 0.000000 0.000000 1.000000
0.989769 -0.008500 -0.142426 0.007642 -0.030768 0.962022 -0.271233 1.059333 0.139323 0.272840 0.951918 0.686876 0.000000 0.000000 0.000000 1.000000
0.992300 -0.003861 -0.123801 0.009478 -0.031446 0.958913 -0.281951 1.062281 0.119803 0.283673 0.951408 0.684966 0.000000 0.000000 0.000000 1.000000
0.992582 -0.001246 -0.121574 0.011377 -0.034953 0.954811 -0.295151 1.064694 0.116448 0.297211 0.947684 0.682430 0.000000 0.000000 0.000000 1.000000
0.991881 -0.004686 -0.127086 0.014821 -0.034431 0.952102 -0.303836 1.066714 0.122423 0.305744 0.944210 0.680183 0.000000 0.000000 0.000000 1.000000
0.990687 -0.009383 -0.135837 0.020833 -0.032500 0.952493 -0.302822 1.068905 0.132225 0.304416 0.943317 0.678632 0.000000 0.000000 0.000000 1.000000
0.989142 -0.010709 -0.146574 0.028744 -0.033281 0.955110 -0.294377 1.071984 0.143147 0.296059 0.944382 0.677177 0.000000 0.000000 0.000000 1.000000
0.987035 -0.011445 -0.160096 0.037357 -0.035783 0.956660 -0.289002 1.076176 0.156465 0.290984 0.943847 0.674401 0.000000 0.000000 0.000000 1.000000
0.983753 -0.015246 -0.178879 0.046126 -0.039330 0.953882 -0.297596 1.080809 0.175167 0.299796 0.937784 0.668594 0.000000 0.000000 0.000000 1.000000
0.979827 -0.019936 -0.198853 0.054660 -0.045301 0.946957 -0.318152 1.084949 0.194648 0.320742 0.926950 0.658487 0.000000 0.000000 0.000000 1.000000
0.978213 -0.022705 -0.206361 0.061972 -0.050202 0.938632 -0.341248 1.087660 0.201445 0.344173 0.917041 0.643843 0.000000 0.000000 0.000000 1.000000
0.980739 -0.022850 -0.193984 0.066704 -0.049702 0.931249 -0.360979 1.086999 0.188896 0.363668 0.912176 0.626241 0.000000 0.000000 0.000000 1.000000
0.984958 -0.019075 -0.171738 0.067743 -0.046709 0.927496 -0.370903 1.082566 0.166361 0.373346 0.912654 0.608621 0.000000 0.000000 0.000000 1.000000
0.988137 -0.011179 -0.153170 0.064363 -0.045537 0.931169 -0.361733 1.074953 0.146671 0.364417 0.919613 0.592428 0.000000 0.000000 0.000000 1.000000
0.990072 -0.000364 -0.140562 0.056433 -0.045937 0.944251 -0.326007 1.064681 0.132844 0.329228 0.934859 0.568660 0.000000 0.000000 0.000000 1.000000
0.991710 0.012086 -0.127929 0.044945 -0.045715 0.963618 -0.263347 1.052758 0.120092 0.267012 0.956181 0.534080 0.000000 0.000000 0.000000 1.000000
0.993691 0.020975 -0.110175 0.031234 -0.041136 0.982055 -0.184054 1.042012 0.104338 0.187425 0.976722 0.497301 0.000000 0.000000 0.000000 1.000000
0.996028 0.017503 -0.087308 0.015572 -0.026928 0.993789 -0.107975 1.034751 0.084876 0.109897 0.990312 0.460206 0.000000 0.000000 0.000000 1.000000
0.998382 0.004339 -0.056700 -0.001261 -0.007198 0.998708 -0.050312 1.028993 0.056408 0.050639 0.997123 0.424638 0.000000 0.000000 0.000000 1.000000
0.999919 -0.010395 -0.007386 -0.017248 0.010356 0.999932 -0.005303 1.021163 0.007440 0.005226 0.999959 0.391119 0.000000 0.000000 0.000000 1.000000
0.997577 -0.027687 0.063822 -0.030853 0.025089 0.998838 0.041150 1.009362 -0.064887 -0.039449 0.997113 0.359167 0.000000 0.000000 0.000000 1.000000
0.988653 -0.051952 0.140948 -0.041701 0.039611 0.995244 0.088992 0.995151 -0.144901 -0.082399 0.986009 0.329437 0.000000 0.000000 0.000000 1.000000
0.976302 -0.080970 0.200694 -0.049373 0.056620 0.990636 0.124239 0.982533 -0.208874 -0.109932 0.971744 0.304056 0.000000 0.000000 0.000000 1.000000
0.967449 -0.109794 0.228009 -0.053639 0.080324 0.987618 0.134753 0.974872 -0.239980 -0.112052 0.964289 0.285041 0.000000 0.000000 0.000000 1.000000
0.965576 -0.131131 0.224649 -0.053121 0.106942 0.987393 0.116703 0.979408 -0.237120 -0.088661 0.967426 0.271999 0.000000 0.000000 0.000000 1.000000
0.968823 -0.133496 0.208711 -0.048192 0.119884 0.989827 0.076617 0.993986 -0.216815 -0.049207 0.974972 0.261575 0.000000 0.000000 0.000000 1.000000
0.974701 -0.113298 0.192670 -0.039037 0.109023 0.993502 0.032685 1.014222 -0.195121 -0.010853 0.980719 0.251934 0.000000 0.000000 0.000000 1.000000
0.982083 -0.081482 0.169920 -0.025094 0.082710 0.996574 -0.000152 1.035420 -0.169326 0.014203 0.985458 0.241951 0.000000 0.000000 0.000000 1.000000
0.989563 -0.048510 0.135691 -0.008103 0.052280 0.998335 -0.024359 1.050672 -0.134284 0.031198 0.990452 0.231787 0.000000 0.000000 0.000000 1.000000
0.994996 -0.014108 0.098918 0.010966 0.018897 0.998686 -0.047646 1.059969 -0.098116 0.049277 0.993954 0.221248 0.000000 0.000000 0.000000 1.000000
0.997219 0.016087 0.072770 0.030529 -0.011114 0.997608 -0.068230 1.060573 -0.073693 0.067232 0.995012 0.210610 0.000000 0.000000 0.000000 1.000000
0.997124 0.039161 0.064881 0.048295 -0.033780 0.996055 -0.082052 1.054252 -0.067838 0.079624 0.994514 0.198596 0.000000 0.000000 0.000000 1.000000
0.995569 0.059621 0.072713 0.063468 -0.052672 0.994178 -0.094000 1.037705 -0.077894 0.089754 0.992913 0.185895 0.000000 0.000000 0.000000 1.000000
0.992422 0.083457 0.090184 0.074892 -0.073630 0.991498 -0.107288 1.011185 -0.098371 0.099835 0.990129 0.174204 0.000000 0.000000 0.000000 1.000000
0.987828 0.095946 0.122433 0.079028 -0.082984 0.990800 -0.106905 0.995977 -0.131564 0.095444 0.986702 0.163108 0.000000 0.000000 0.000000 1.000000
0.980747 0.091343 0.172604 0.081356 -0.076446 0.992905 -0.091079 0.991925 -0.179698 0.076130 0.980771 0.149893 0.000000 0.000000 0.000000 1.000000
0.972112 0.100543 0.211869 0.090539 -0.082816 0.992405 -0.090963 0.992310 -0.219406 0.070880 0.973056 0.135722 0.000000 0.000000 0.000000 1.000000
0.970643 0.133471 0.200093 0.099966 -0.113643 0.987683 -0.107551 0.993336 -0.211983 0.081654 0.973856 0.122627 0.000000 0.000000 0.000000 1.000000
0.978611 0.155044 0.135210 0.103968 -0.141717 0.984510 -0.103226 1.000292 -0.149120 0.081857 0.985425 0.108741 0.000000 0.000000 0.000000 1.000000
0.986625 0.154976 0.050531 0.105997 -0.150554 0.985198 -0.081963 1.013396 -0.062485 0.073259 0.995354 0.093657 0.000000 0.000000 0.000000 1.000000
0.986855 0.160596 -0.018055 0.109538 -0.161552 0.983285 -0.083971 1.027334 0.004268 0.085784 0.996305 0.080051 0.000000 0.000000 0.000000 1.000000
0.982902 0.175796 -0.054766 0.112185 -0.180807 0.977733 -0.106524 1.039475 0.034820 0.114605 0.992801 0.067938 0.000000 0.000000 0.000000 1.000000
0.981074 0.180667 -0.069660 0.112015 -0.187884 0.975220 -0.116818 1.050274 0.046829 0.127696 0.990707 0.055180 0.000000 0.000000 0.000000 1.000000
0.982454 0.166751 -0.083541 0.110476 -0.175553 0.978041 -0.112322 1.060041 0.062976 0.125017 0.990154 0.041754 0.000000 0.000000 0.000000 1.000000
0.984164 0.140803 -0.107681 0.107714 -0.152916 0.981641 -0.114003 1.065918 0.089653 0.128664 0.987627 0.029545 0.000000 0.000000 0.000000 1.000000
0.983694 0.115382 -0.137960 0.102825 -0.132798 0.983290 -0.124522 1.065676 0.121287 0.140812 0.982579 0.018952 0.000000 0.000000 0.000000 1.000000
0.981239 0.099188 -0.165321 0.095501 -0.121142 0.984285 -0.128481 1.062495 0.149980 0.146098 0.977835 0.008870 0.000000 0.000000 0.000000 1.000000
0.979619 0.082402 -0.183183 0.085034 -0.106305 0.986478 -0.124740 1.060295 0.170427 0.141671 0.975133 0.000048 0.000000 0.000000 0.000000 1.000000
0.979535 0.054660 -0.193707 0.074430 -0.080865 0.988202 -0.130070 1.057426 0.184312 0.143073 0.972399 -0.007838 0.000000 0.000000 0.000000 1.000000
0.976696 0.037646 -0.211301 0.066276 -0.069505 0.986923 -0.145437 1.055949 0.203063 0.156735 0.966540 -0.014315 0.000000 0.000000 0.000000 1.000000
0.967286 0.051192 -0.248471 0.058127 -0.090686 0.984487 -0.150203 1.060432 0.236927 0.167822 0.956923 -0.020297 0.000000 0.000000 0.000000 1.000000
0.954458 0.060132 -0.292222 0.048256 -0.107168 0.983207 -0.147713 1.072549 0.278432 0.172303 0.944874 -0.026270 0.000000 0.000000 0.000000 1.000000
0.947098 0.038454 -0.318633 0.037929 -0.092758 0.983225 -0.157050 1.082729 0.307248 0.178298 0.934777 -0.031774 0.000000 0.000000 0.000000 1.000000
0.946262 0.013451 -0.323121 0.030466 -0.074175 0.981527 -0.176361 1.088555 0.314780 0.190851 0.929779 -0.032058 0.000000 0.000000 0.000000 1.000000
0.947044 0.007451 -0.321018 0.025426 -0.071920 0.979254 -0.189444 1.093338 0.312947 0.202499 0.927932 -0.031802 0.000000 0.000000 0.000000 1.000000
0.946233 0.009180 -0.323357 0.020671 -0.075201 0.978454 -0.192284 1.097648 0.314625 0.206262 0.926535 -0.031394 0.000000 0.000000 0.000000 1.000000
0.944682 0.004534 -0.327957 0.015806 -0.071520 0.978690 -0.192483 1.100436 0.320095 0.205291 0.924875 -0.032379 0.000000 0.000000 0.000000 1.000000</float_array><technique_common><accessor source="#mixamorig_Hips-Matrix-animation-output-transform-array" count="126" stride="16"><param type="float4x4"/></accessor></technique_common></source><source id="mixamorig_Hips-Interpolations"><Name_array id="mixamorig_Hips-Interpolations-array" count="126">
 LINEAR LINEAR LINEAR LINEAR LINEAR LINEAR LINEAR LINEAR LINEAR LINEAR LINEAR
LINEAR LINEAR LINEAR LINEAR LINEAR LINEAR LINEAR LINEAR LINEAR LINEAR LINEAR LINEAR
LINEAR LINEAR LINEAR LINEAR LINEAR LINEAR LINEAR LINEAR LINEAR LINEAR LINEAR LINEAR
LINEAR LINEAR LINEAR LINEAR LINEAR LINEAR LINEAR LINEAR LINEAR LINEAR LINEAR LINEAR
LINEAR LINEAR LINEAR LINEAR LINEAR LINEAR LINEAR LINEAR LINEAR LINEAR LINEAR LINEAR
LINEAR LINEAR LINEAR LINEAR LINEAR LINEAR LINEAR LINEAR LINEAR LINEAR LINEAR LINEAR
LINEAR LINEAR LINEAR LINEAR LINEAR LINEAR LINEAR LINEAR LINEAR LINEAR LINEAR LINEAR
LINEAR LINEAR LINEAR LINEAR LINEAR LINEAR LINEAR LINEAR LINEAR LINEAR LINEAR LINEAR
LINEAR LINEAR LINEAR LINEAR LINEAR LINEAR LINEAR LINEAR LINEAR LINEAR LINEAR LINEAR
LINEAR LINEAR LINEAR LINEAR LINEAR LINEAR LINEAR LINEAR LINEAR LINEAR LINEAR LINEAR
LINEAR LINEAR LINEAR LINEAR LINEAR LINEAR LINEAR</Name_array><technique_common><accessor source="#mixamorig_Hips-Interpolations-array" count="126"><param type="name"/></accessor></technique_common></source><sampler id="mixamorig_Hips-Matrix-animation-transform"><input semantic="INPUT" source="#mixamorig_Hips-Matrix-animation-input"/><input semantic="OUTPUT" source="#mixamorig_Hips-Matrix-animation-output-transform"/><input semantic="INTERPOLATION" source="#mixamorig_Hips-Interpolations"/></sampler><channel source="#mixamorig_Hips-Matrix-animation-transform" target="mixamorig_Hips/matrix"/></animation>
    <animation id="mixamorig_Spine-anim" name="mixamorig_Spine"><source id="mixamorig_Spine-Matrix-animation-input"><float_array id="mixamorig_Spine-Matrix-animation-input-array" count="126">

0.000000 0.033333 0.066667 0.100000 0.133333 0.166667 0.200000 0.233333 0.266667 0.300000 0.333333 0.366667 0.400000 0.433333 0.466667 0.500000
0.533333 0.566667 0.600000 0.633333 0.666667 0.700000 0.733333 0.766667 0.800000 0.833333 0.866667 0.900000 0.933333 0.966667 1.000000 1.033333
1.066667 1.100000 1.133333 1.166667 1.200000 1.233333 1.266667 1.300000 1.333333 1.366667 1.400000 1.433333 1.466667 1.500000 1.533333 1.566667
1.600000 1.633333 1.666667 1.700000 1.733333 1.766667 1.800000 1.833333 1.866667 1.900000 1.933333 1.966667 2.000000 2.033333 2.066667 2.100000
2.133333 2.166667 2.200000 2.233333 2.266667 2.300000 2.333333 2.366667 2.400000 2.433333 2.466667 2.500000 2.533333 2.566667 2.600000 2.633333
2.666667 2.700000 2.733333 2.766667 2.800000 2.833333 2.866667 2.900000 2.933333 2.966667 3.000000 3.033333 3.066667 3.100000 3.133333 3.166667
3.200000 3.233333 3.266667 3.300000 3.333333 3.366667 3.400000 3.433333 3.466667 3.500000 3.533333 3.566667 3.600000 3.633333 3.666667 3.700000
3.733333 3.766667 3.800000 3.833333 3.866667 3.900000 3.933333 3.966667 4.000000 4.033333 4.066667 4.100000 4.133333 4.166667</float_array><technique_common><accessor source="#mixamorig_Spine-Matrix-animation-input-array" count="126"><param name="TIME" type="float"/></accessor></technique_common></source><source id="mixamorig_Spine-Matrix-animation-output-transform"><float_array id="mixamorig_Spine-Matrix-animation-output-transform-array" count="2016">

0.999062 -0.043165 -0.003365 0.000000 0.042612 0.994066 -0.100082 0.117600 0.007665 0.099845 0.994974 0.006900 0.000000 0.000000 0.000000 1.000000
0.999540 -0.030308 0.000785 0.000000 0.030267 0.996001 -0.084063 0.117600 0.001766 0.084048 0.996460 0.006900 0.000000 0.000000 0.000000 1.000000
0.999880 -0.014393 0.005691 0.000000 0.014737 0.997717 -0.065906 0.117600 -0.004729 0.065982 0.997810 0.006900 0.000000 0.000000 0.000000 1.000000
0.999951 0.002066 0.009650 0.000000 -0.001605 0.998867 -0.047552 0.117600 -0.009738 0.047535 0.998822 0.006900 0.000000 0.000000 0.000000 1.000000
0.999799 0.015332 0.012940 0.000000 -0.014982 0.999531 -0.026699 0.117600 -0.013344 0.026500 0.999560 0.006900 0.000000 0.000000 0.000000 1.000000
0.999646 0.021200 0.016059 0.000000 -0.021169 0.999774 -0.002101 0.117600 -0.016100 0.001760 0.999869 0.006900 0.000000 0.000000 0.000000 1.000000
0.999604 0.019582 0.020197 -0.000000 -0.020145 0.999403 0.028058 0.117600 -0.019636 -0.028454 0.999402 0.006900 0.000000 0.000000 0.000000 1.000000
0.999478 0.016513 0.027781 0.000000 -0.018265 0.997781 0.064022 0.117600 -0.026662 -0.064496 0.997562 0.006900 0.000000 0.000000 0.000000 1.000000
0.999057 0.019911 0.038589 0.000000 -0.023637 0.994842 0.098649 0.117600 -0.036426 -0.099468 0.994374 0.006900 0.000000 0.000000 0.000000 1.000000
0.998491 0.027227 0.047686 -0.000000 -0.032937 0.991812 0.123389 0.117600 -0.043936 -0.124773 0.991212 0.006900 0.000000 0.000000 0.000000 1.000000
0.998362 0.027510 0.050160 0.000000 -0.034127 0.990086 0.136253 0.117600 -0.045914 -0.137742 0.989403 0.006900 0.000000 0.000000 0.000000 1.000000
0.998789 0.017755 0.045879 0.000000 -0.024049 0.989790 0.140491 0.117600 -0.042916 -0.141424 0.989018 0.006900 0.000000 0.000000 0.000000 1.000000
0.999287 0.004840 0.037447 0.000000 -0.010037 0.990122 0.139852 0.117600 -0.036400 -0.140128 0.989464 0.006900 0.000000 0.000000 0.000000 1.000000
0.999566 -0.007210 0.028572 0.000000 0.003265 0.990731 0.135800 0.117600 -0.029286 -0.135648 0.990324 0.006900 0.000000 0.000000 0.000000 1.000000
0.999583 -0.014455 0.025011 -0.000000 0.011179 0.991904 0.126496 0.117600 -0.026637 -0.126164 0.991652 0.006900 0.000000 0.000000 0.000000 1.000000
0.999447 -0.020489 0.026194 0.000000 0.017295 0.993005 0.116801 0.117600 -0.028404 -0.116284 0.992810 0.006900 0.000000 0.000000 0.000000 1.000000
0.999279 -0.024927 0.028654 0.000000 0.021470 0.993112 0.115182 0.117600 -0.031328 -0.114484 0.992931 0.006900 0.000000 0.000000 0.000000 1.000000
0.999294 -0.024617 0.028379 0.000000 0.021203 0.993152 0.114891 0.117600 -0.031013 -0.114208 0.992973 0.006900 0.000000 0.000000 0.000000 1.000000
0.999563 -0.018415 0.023106 0.000000 0.015946 0.994568 0.102856 0.117600 -0.024875 -0.102443 0.994428 0.006900 0.000000 0.000000 0.000000 1.000000
0.999710 -0.019057 0.014748 0.000000 0.017842 0.996750 0.078551 0.117600 -0.016197 -0.078265 0.996801 0.006900 0.000000 0.000000 0.000000 1.000000
0.999368 -0.034474 0.008662 -0.000000 0.033943 0.997888 0.055377 0.117600 -0.010553 -0.055048 0.998428 0.006900 0.000000 0.000000 0.000000 1.000000
0.998316 -0.057521 0.007557 -0.000000 0.057334 0.998089 0.023061 0.117600 -0.008869 -0.022589 0.999705 0.006900 0.000000 0.000000 0.000000 1.000000
0.997568 -0.069212 0.008219 0.000000 0.069427 0.997147 -0.029621 0.117600 -0.006145 0.030120 0.999527 0.006900 0.000000 0.000000 0.000000 1.000000
0.997621 -0.068903 0.002274 0.000000 0.068818 0.993342 -0.092388 0.117600 0.004107 0.092325 0.995720 0.006900 0.000000 0.000000 0.000000 1.000000
0.997859 -0.064999 -0.007314 -0.000000 0.062993 0.985083 -0.160135 0.117600 0.017614 0.159331 0.987068 0.006900 0.000000 0.000000 0.000000 1.000000
0.999473 -0.030765 -0.010345 -0.000000 0.027266 0.968726 -0.246631 0.117600 0.017609 0.246219 0.969054 0.006900 0.000000 0.000000 0.000000 1.000000
0.999548 0.029644 -0.005022 0.000000 -0.029747 0.950712 -0.308646 0.117600 -0.004375 0.308656 0.951164 0.006900 0.000000 0.000000 0.000000 1.000000
0.998068 0.061617 0.008009 0.000000 -0.056102 0.949043 -0.310113 0.117600 -0.026709 0.309064 0.950666 0.006900 0.000000 0.000000 0.000000 1.000000
0.998612 0.050561 0.014779 -0.000000 -0.044262 0.957504 -0.285002 0.117600 -0.028561 0.283952 0.958413 0.006900 0.000000 0.000000 0.000000 1.000000
0.998882 0.047063 0.004472 -0.000000 -0.044024 0.960496 -0.274789 0.117600 -0.017228 0.274285 0.961494 0.006900 0.000000 0.000000 0.000000 1.000000
0.997871 0.064435 -0.010104 -0.000000 -0.064623 0.955835 -0.286711 0.117600 -0.008817 0.286754 0.957964 0.006900 0.000000 0.000000 0.000000 1.000000
0.998652 0.050861 -0.010333 0.000000 -0.051667 0.955403 -0.290751 0.117600 -0.004916 0.290893 0.956743 0.006900 0.000000 0.000000 0.000000 1.000000
0.999967 0.005630 0.005915 0.000000 -0.003769 0.960787 -0.277262 0.117600 -0.007244 0.277230 0.960776 0.006900 0.000000 0.000000 0.000000 1.000000
0.999122 -0.025945 0.032906 0.000000 0.033674 0.964478 -0.262007 0.117600 -0.024939 0.262885 0.964505 0.006900 0.000000 0.000000 0.000000 1.000000
0.997687 -0.022590 0.064106 -0.000000 0.038640 0.964430 -0.261498 0.117600 -0.055918 0.263370 0.963073 0.006900 0.000000 0.000000 0.000000 1.000000
0.996453 0.008961 0.083667 -0.000000 0.013767 0.963551 -0.267169 0.117600 -0.083011 0.267374 0.960011 0.006900 0.000000 0.000000 0.000000 1.000000
0.996394 0.040446 0.074587 -0.000000 -0.019147 0.963582 -0.266728 0.117600 -0.082658 0.264338 0.960881 0.006900 0.000000 0.000000 0.000000 1.000000
0.998486 0.034452 0.042891 0.000000 -0.022112 0.965212 -0.260532 0.117600 -0.050375 0.259189 0.964512 0.006900 0.000000 0.000000 0.000000 1.000000
0.999868 -0.006021 0.015097 0.000000 0.009648 0.967379 -0.253148 0.117600 -0.013081 0.253260 0.967310 0.006900 0.000000 0.000000 0.000000 1.000000
0.999408 -0.032337 0.011756 0.000000 0.034254 0.967351 -0.251113 0.117600 -0.003252 0.251367 0.967886 0.006900 0.000000 0.000000 0.000000 1.000000
0.999482 -0.006423 0.031542 0.000000 0.014272 0.966727 -0.255411 0.117600 -0.028852 0.255728 0.966318 0.006900 0.000000 0.000000 0.000000 1.000000
0.997231 0.049438 0.055561 0.000000 -0.033830 0.966849 -0.253098 0.117600 -0.066231 0.250517 0.965844 0.006900 0.000000 0.000000 0.000000 1.000000
0.994911 0.077597 0.064268 0.000000 -0.061402 0.972684 -0.223864 0.117600 -0.079884 0.218779 0.972499 0.006900 0.000000 0.000000 0.000000 1.000000
0.997193 0.060647 0.043911 -0.000000 -0.050968 0.979425 -0.195268 0.117600 -0.054850 0.192482 0.979766 0.006900 0.000000 0.000000 0.000000 1.000000
0.998920 0.046305 -0.003885 0.000000 -0.046115 0.977607 -0.205324 0.117600 -0.005709 0.205282 0.978686 0.006900 0.000000 0.000000 0.000000 1.000000
0.997843 0.058693 -0.029388 0.000000 -0.063819 0.972213 -0.225230 0.117600 0.015352 0.226620 0.973862 0.006900 0.000000 0.000000 0.000000 1.000000
0.995532 0.093992 -0.009066 0.000000 -0.093611 0.969748 -0.225444 0.117600 -0.012398 0.225285 0.974214 0.006900 0.000000 0.000000 0.000000 1.000000
0.990553 0.132772 0.034283 -0.000000 -0.123061 0.971013 -0.204913 0.117600 -0.060496 0.198759 0.978180 0.006900 0.000000 0.000000 0.000000 1.000000
0.986112 0.154209 0.061668 0.000000 -0.140828 0.973215 -0.181715 0.117600 -0.088038 0.170507 0.981416 0.006900 0.000000 0.000000 0.000000 1.000000
0.987025 0.150207 0.056746 0.000000 -0.138884 0.975997 -0.167752 0.117600 -0.080581 0.157694 0.984195 0.006900 0.000000 0.000000 0.000000 1.000000
0.989943 0.137958 0.031310 0.000000 -0.131600 0.979270 -0.153986 0.117600 -0.051905 0.148317 0.987577 0.006900 0.000000 0.000000 0.000000 1.000000
0.988744 0.149425 -0.007613 0.000000 -0.149160 0.980452 -0.128313 0.117600 -0.011709 0.128004 0.991705 0.006900 0.000000 0.000000 0.000000 1.000000
0.984106 0.165318 -0.064847 0.000000 -0.171943 0.978344 -0.115233 0.117600 0.044393 0.124551 0.991220 0.006900 0.000000 0.000000 0.000000 1.000000
0.983650 0.132552 -0.121914 0.000000 -0.149502 0.978452 -0.142414 0.117600 0.100410 0.158312 0.982271 0.006900 0.000000 0.000000 0.000000 1.000000
0.986157 0.076603 -0.147059 0.000000 -0.101546 0.980127 -0.170411 0.117600 0.131083 0.182985 0.974338 0.006900 0.000000 0.000000 0.000000 1.000000
0.986898 0.060489 -0.149576 0.000000 -0.082714 0.985651 -0.147143 0.117600 0.138529 0.157587 0.977740 0.006900 0.000000 0.000000 0.000000 1.000000
0.985792 0.070431 -0.152494 0.000000 -0.085866 0.991562 -0.097117 0.117600 0.144367 0.108832 0.983521 0.006900 0.000000 0.000000 0.000000 1.000000
0.986699 0.066788 -0.148206 0.000000 -0.076980 0.994969 -0.064123 0.117600 0.143178 0.074679 0.986875 0.006900 0.000000 0.000000 0.000000 1.000000
0.992683 0.050624 -0.109629 0.000000 -0.056392 0.997148 -0.050165 0.117600 0.106777 0.055980 0.992706 0.006900 0.000000 0.000000 0.000000 1.000000
0.998332 0.046073 -0.034780 0.000000 -0.047410 0.998128 -0.038649 0.117600 0.032934 0.040233 0.998647 0.006900 0.000000 0.000000 0.000000 1.000000
0.997758 0.055448 0.037487 -0.000000 -0.054305 0.998048 -0.030835 0.117600 -0.039124 0.028730 0.998821 0.006900 0.000000 0.000000 0.000000 1.000000
0.995962 0.061844 0.065083 0.000000 -0.059475 0.997517 -0.037723 0.117600 -0.067254 0.033700 0.997167 0.006900 0.000000 0.000000 0.000000 1.000000
0.997249 0.056437 0.048055 0.000000 -0.053594 0.996847 -0.058515 0.117600 -0.051206 0.055778 0.997129 0.006900 0.000000 0.000000 0.000000 1.000000
0.998701 0.046208 0.021484 -0.000000 -0.044324 0.995716 -0.081151 0.117600 -0.025142 0.080093 0.996470 0.006900 0.000000 0.000000 0.000000 1.000000
0.998915 0.043528 0.016547 0.000000 -0.041704 0.994309 -0.098029 0.117600 -0.020719 0.097232 0.995046 0.006900 0.000000 0.000000 0.000000 1.000000
0.997726 0.051941 0.042956 -0.000000 -0.046928 0.992773 -0.110450 0.117600 -0.048383 0.108183 0.992953 0.006900 0.000000 0.000000 0.000000 1.000000
0.994202 0.063560 0.086732 -0.000000 -0.052775 0.991197 -0.121424 0.117600 -0.093686 0.116143 0.988804 0.006900 0.000000 0.000000 0.000000 1.000000
0.990674 0.068605 0.117721 -0.000000 -0.052834 0.989812 -0.132215 0.117600 -0.125592 0.124762 0.984206 0.006900 0.000000 0.000000 0.000000 1.000000
0.991442 0.063192 0.114235 0.000000 -0.046231 0.988285 -0.145451 0.117600 -0.122088 0.138925 0.982748 0.006900 0.000000 0.000000 0.000000 1.000000
0.995294 0.049316 0.083412 0.000000 -0.035224 0.986050 -0.162678 0.117600 -0.090271 0.158974 0.983147 0.006900 0.000000 0.000000 0.000000 1.000000
0.998141 0.031111 0.052406 0.000000 -0.021210 0.983464 -0.179858 0.117600 -0.057135 0.178412 0.982296 0.006900 0.000000 0.000000 0.000000 1.000000
0.999129 0.013563 0.039468 0.000000 -0.005760 0.981482 -0.191466 0.117600 -0.041334 0.191072 0.980705 0.006900 0.000000 0.000000 0.000000 1.000000
0.999122 0.003054 0.041779 0.000000 0.005292 0.980148 -0.198196 0.117600 -0.041555 0.198243 0.979272 0.006900 0.000000 0.000000 0.000000 1.000000
0.998780 0.001220 0.049371 0.000000 0.009063 0.978191 -0.207511 0.117600 -0.048548 0.207705 0.976986 0.006900 0.000000 0.000000 0.000000 1.000000
0.998536 0.002165 0.054044 0.000000 0.009793 0.975446 -0.220020 0.117600 -0.053194 0.220227 0.973997 0.006900 0.000000 0.000000 0.000000 1.000000
0.998119 -0.009228 0.060615 -0.000000 0.023308 0.971494 -0.235914 0.117600 -0.056710 0.236883 0.969882 0.006900 0.000000 0.000000 0.000000 1.000000
0.997397 -0.021898 0.068697 0.000000 0.038960 0.965381 -0.257918 0.117600 -0.060671 0.259923 0.963721 0.006900 0.000000 0.000000 0.000000 1.000000
0.996572 -0.024379 0.079058 -0.000000 0.045846 0.958187 -0.282447 0.117600 -0.068867 0.285103 0.956020 0.006900 0.000000 0.000000 0.000000 1.000000
0.995703 -0.018209 0.090795 0.000000 0.045710 0.949349 -0.310882 0.117600 -0.080536 0.313696 0.946102 0.006900 0.000000 0.000000 0.000000 1.000000
0.995095 -0.010131 0.098400 0.000000 0.043520 0.938137 -0.343518 0.117600 -0.088833 0.346116 0.933977 0.006900 0.000000 0.000000 0.000000 1.000000
0.995303 -0.003028 0.096760 0.000000 0.038557 0.929211 -0.367533 0.117600 -0.088797 0.369538 0.924963 0.006900 0.000000 0.000000 0.000000 1.000000
0.996161 0.002064 0.087515 0.000000 0.031109 0.926119 -0.375948 0.117600 -0.081825 0.377227 0.922499 0.006900 0.000000 0.000000 0.000000 1.000000
0.997163 0.008375 0.074807 -0.000000 0.020403 0.926518 -0.375696 0.117600 -0.072457 0.376156 0.923719 0.006900 0.000000 0.000000 0.000000 1.000000
0.997902 0.019144 0.061842 0.000000 0.005587 0.926247 -0.376877 0.117600 -0.064495 0.376432 0.924197 0.006900 0.000000 0.000000 0.000000 1.000000
0.998418 0.025730 0.050003 0.000000 -0.004496 0.922860 -0.385109 0.117600 -0.056055 0.384274 0.921516 0.006900 0.000000 0.000000 0.000000 1.000000
0.999095 0.017340 0.038845 0.000000 -0.000335 0.916331 -0.400423 0.117600 -0.042538 0.400047 0.915507 0.006900 0.000000 0.000000 0.000000 1.000000
0.999452 0.007953 0.032145 0.000000 0.005881 0.912667 -0.408661 0.117600 -0.032587 0.408626 0.912120 0.006900 0.000000 0.000000 0.000000 1.000000
0.999300 0.012684 0.035194 0.000000 0.002227 0.918927 -0.394422 0.117600 -0.037344 0.394224 0.918255 0.006900 0.000000 0.000000 0.000000 1.000000
0.998688 0.024737 0.044830 -0.000000 -0.006487 0.929626 -0.368446 0.117600 -0.050790 0.367672 0.928568 0.006900 0.000000 0.000000 0.000000 1.000000
0.998154 0.028659 0.053543 0.000000 -0.007876 0.935294 -0.353785 0.117600 -0.060218 0.352710 0.933793 0.006900 0.000000 0.000000 0.000000 1.000000
0.998024 0.010335 0.061972 0.000000 0.012616 0.933319 -0.358825 0.117600 -0.061548 0.358898 0.931345 0.006900 0.000000 0.000000 0.000000 1.000000
0.996852 -0.029811 0.073462 0.000000 0.055484 0.924198 -0.377863 0.117600 -0.056629 0.380749 0.922943 0.006900 0.000000 0.000000 0.000000 1.000000
0.994444 -0.064192 0.083429 -0.000000 0.092617 0.910233 -0.403605 0.117600 -0.050032 0.409090 0.911121 0.006900 0.000000 0.000000 0.000000 1.000000
0.993687 -0.071455 0.086484 -0.000000 0.101308 0.902696 -0.418182 0.117600 -0.048188 0.424304 0.904237 0.006900 0.000000 0.000000 0.000000 1.000000
0.994451 -0.062158 0.084870 -0.000000 0.092028 0.904877 -0.415605 0.117600 -0.050964 0.421109 0.905577 0.006900 0.000000 0.000000 0.000000 1.000000
0.994214 -0.066928 0.084018 -0.000000 0.095749 0.906702 -0.410759 0.117600 -0.048688 0.416427 0.907864 0.006900 0.000000 0.000000 0.000000 1.000000
0.992705 -0.084624 0.085879 -0.000000 0.112597 0.905383 -0.409394 0.117600 -0.043109 0.416078 0.908307 0.006900 0.000000 0.000000 0.000000 1.000000
0.991468 -0.095868 0.088326 0.000000 0.123422 0.908413 -0.399440 0.117600 -0.041943 0.406933 0.912494 0.006900 0.000000 0.000000 0.000000 1.000000
0.989780 -0.109810 0.090985 0.000000 0.136142 0.917517 -0.373669 0.117600 -0.042448 0.382236 0.923089 0.006900 0.000000 0.000000 0.000000 1.000000
0.987291 -0.131745 0.088883 -0.000000 0.154238 0.929124 -0.336065 0.117600 -0.038309 0.345503 0.937635 0.006900 0.000000 0.000000 0.000000 1.000000
0.984452 -0.155989 0.080750 0.000000 0.173395 0.936475 -0.304874 0.117600 -0.028064 0.314135 0.948963 0.006900 0.000000 0.000000 0.000000 1.000000
0.982025 -0.176149 0.067815 0.000000 0.188247 0.940263 -0.283668 0.117600 -0.013796 0.291335 0.956522 0.006900 0.000000 0.000000 0.000000 1.000000
0.982420 -0.179709 0.050546 0.000000 0.186666 0.942045 -0.278761 0.117600 0.002479 0.283296 0.959029 0.006900 0.000000 0.000000 0.000000 1.000000
0.989828 -0.139803 0.026391 0.000000 0.140943 0.938267 -0.315896 0.117600 0.019402 0.316402 0.948427 0.006900 0.000000 0.000000 0.000000 1.000000
0.995390 -0.095905 0.001364 0.000000 0.089501 0.923624 -0.372704 0.117600 0.034484 0.371107 0.927949 0.006900 0.000000 0.000000 0.000000 1.000000
0.994518 -0.104199 -0.008778 0.000000 0.092690 0.917300 -0.387260 0.117600 0.048404 0.384323 0.921929 0.006900 0.000000 0.000000 0.000000 1.000000
0.993492 -0.113830 -0.004137 -0.000000 0.104094 0.922060 -0.372787 0.117600 0.046249 0.369930 0.927908 0.006900 0.000000 0.000000 0.000000 1.000000
0.997818 -0.066030 0.000177 0.000000 0.061034 0.921288 -0.384062 0.117600 0.025196 0.383234 0.923307 0.006900 0.000000 0.000000 0.000000 1.000000
