<?xml version="1.0" encoding="utf-8"?>
<COLLADA xmlns="http://www.collada.org/2005/11/COLLADASchema" version="1.4.1">
  <asset><contributor><author>Mixamo</author><authoring_tool>COLLADA Mixamo exporter</authoring_tool><comments></comments></contributor><created>2020-10-21T23:00:01Z</created><modified>2020-10-21T23:00:01Z</modified><revision></revision><title></title><unit meter="0.010000"/><up_axis>Y_UP</up_axis></asset>
  <library_animations>
    <animation id="root1-anim" name="root1"><source id="root1-Matrix-animation-input"><float_array id="root1-Matrix-animation-input-array" count="109">

0.000000 0.033333 0.066667 0.100000 0.133333 0.166667 0.200000 0.233333 0.266667 0.300000 0.333333 0.366667 0.400000 0.433333 0.466667 0.500000
0.533333 0.566667 0.600000 0.633333 0.666667 0.700000 0.733333 0.766667 0.800000 0.833333 0.866667 0.900000 0.933333 0.966667 1.000000 1.033333
1.066667 1.100000 1.133333 1.166667 1.200000 1.233333 1.266667 1.300000 1.333333 1.366667 1.400000 1.433333 1.466667 1.500000 1.533333 1.566667
1.600000 1.633333 1.666667 1.700000 1.733333 1.766667 1.800000 1.833333 1.866667 1.900000 1.933333 1.966667 2.000000 2.033333 2.066667 2.100000
2.133333 2.166667 2.200000 2.233333 2.266667 2.300000 2.333333 2.366667 2.400000 2.433333 2.466667 2.500000 2.533333 2.566667 2.600000 2.633333
2.666667 2.700000 2.733333 2.766667 2.800000 2.833333 2.866667 2.900000 2.933333 2.966667 3.000000 3.033333 3.066667 3.100000 3.133333 3.166667
3.200000 3.233333 3.266667 3.300000 3.333333 3.366667 3.400000 3.433333 3.466667 3.500000 3.533333 3.566667 3.600000</float_array><technique_common><accessor source="#root1-Matrix-animation-input-array" count="109"><param name="TIME" type="float"/></accessor></technique_common></source><source id="root1-Matrix-animation-output-transform"><float_array id="root1-Matrix-animation-output-transform-array" count="1744">

-0.781786 0.623442 0.011447 3.297749 -0.050192 -0.081218 0.995432 56.634544 0.621524 0.777640 0.094787 -3.909355 0.000000 0.000000 0.000000 1.000000
-0.785971 0.618260 -0.002271 3.625530 -0.064134 -0.077877 0.994898 58.060463 0.614929 0.782106 0.100861 -3.351281 0.000000 0.000000 0.000000 1.000000
-0.787977 0.615409 -0.019073 3.992644 -0.083350 -0.075926 0.993624 59.413708 0.610037 0.784543 0.111122 -2.867496 0.000000 0.000000 0.000000 1.000000
-0.787893 0.614831 -0.034752 4.392260 -0.102884 -0.075784 0.991802 60.390022 0.607157 0.785009 0.122966 -2.498639 0.000000 0.000000 0.000000 1.000000
-0.786875 0.615398 -0.045973 4.815002 -0.117761 -0.076610 0.990082 60.743534 0.605773 0.784485 0.132752 -2.269952 0.000000 0.000000 0.000000 1.000000
-0.786627 0.615323 -0.050935 5.230072 -0.124358 -0.077092 0.989238 60.421692 0.604775 0.784496 0.137163 -2.163422 0.000000 0.000000 0.000000 1.000000
-0.787078 0.614903 -0.049016 5.576082 -0.121010 -0.075997 0.989738 59.552345 0.604868 0.784932 0.134225 -2.135753 0.000000 0.000000 0.000000 1.000000
-0.786652 0.616064 -0.040551 5.792552 -0.108110 -0.072785 0.991471 58.332993 0.607858 0.784326 0.123859 -2.165040 0.000000 0.000000 0.000000 1.000000
-0.784828 0.619108 -0.027390 5.854488 -0.088211 -0.067856 0.993788 56.963120 0.613403 0.782369 0.107867 -2.253107 0.000000 0.000000 0.000000 1.000000
-0.781999 0.623130 -0.013661 5.750849 -0.066548 -0.061681 0.995875 55.634113 0.619717 0.779682 0.089702 -2.425265 0.000000 0.000000 0.000000 1.000000
-0.777891 0.628395 -0.002457 5.489069 -0.049360 -0.057204 0.997142 54.644974 0.626458 0.775789 0.075516 -2.671846 0.000000 0.000000 0.000000 1.000000
-0.771524 0.636175 0.005706 5.112578 -0.039856 -0.057282 0.997562 54.217400 0.634951 0.769416 0.069550 -2.977817 0.000000 0.000000 0.000000 1.000000
-0.763467 0.645746 0.011412 4.676038 -0.036729 -0.061052 0.997459 54.400684 0.644801 0.761108 0.070329 -3.343667 0.000000 0.000000 0.000000 1.000000
-0.756755 0.653564 0.013306 4.225826 -0.037684 -0.063936 0.997242 55.142082 0.652612 0.754166 0.073013 -3.762354 0.000000 0.000000 0.000000 1.000000
-0.753823 0.657018 0.008868 3.802525 -0.043981 -0.063918 0.996986 56.319729 0.655604 0.751161 0.077079 -4.200757 0.000000 0.000000 0.000000 1.000000
-0.753808 0.657090 -0.002545 3.427340 -0.058552 -0.063312 0.996275 57.679817 0.654481 0.751149 0.086199 -4.642439 0.000000 0.000000 0.000000 1.000000
-0.754270 0.656312 -0.018230 3.105729 -0.080493 -0.064879 0.994641 58.889832 0.651612 0.751695 0.101765 -5.086691 0.000000 0.000000 0.000000 1.000000
-0.753906 0.656149 -0.033088 2.853063 -0.103406 -0.068774 0.992259 59.611702 0.648794 0.751491 0.119698 -5.537219 0.000000 0.000000 0.000000 1.000000
-0.752778 0.656968 -0.041463 2.693184 -0.119109 -0.073990 0.990120 59.666534 0.647409 0.750279 0.133949 -5.970006 0.000000 0.000000 0.000000 1.000000
-0.751366 0.658678 -0.039902 2.619125 -0.122160 -0.079418 0.989328 59.099865 0.648479 0.748222 0.140136 -6.362380 0.000000 0.000000 0.000000 1.000000
-0.750101 0.660674 -0.029285 2.599041 -0.112318 -0.083632 0.990147 58.110409 0.651715 0.746000 0.136938 -6.701075 0.000000 0.000000 0.000000 1.000000
-0.749393 0.661959 -0.014826 2.609793 -0.094899 -0.085218 0.991833 56.912014 0.655289 0.744679 0.126681 -6.944522 0.000000 0.000000 0.000000 1.000000
-0.750017 0.661414 -0.002318 2.655673 -0.077485 -0.084384 0.993416 55.680977 0.656864 0.745259 0.114539 -7.007536 0.000000 0.000000 0.000000 1.000000
-0.752951 0.658046 0.006359 2.768322 -0.064377 -0.083272 0.994445 54.609219 0.654921 0.748359 0.105062 -6.817407 0.000000 0.000000 0.000000 1.000000
-0.758511 0.651548 0.012063 2.958414 -0.055859 -0.083449 0.994945 53.924911 0.649261 0.754004 0.099691 -6.390541 0.000000 0.000000 0.000000 1.000000
-0.766015 0.642643 0.015190 3.203053 -0.050685 -0.083938 0.995181 53.790359 0.640821 0.761554 0.096871 -5.823873 0.000000 0.000000 0.000000 1.000000
-0.773717 0.633339 0.015621 3.476821 -0.047802 -0.082949 0.995407 54.219345 0.631725 0.769416 0.094454 -5.238539 0.000000 0.000000 0.000000 1.000000
-0.779702 0.626013 0.013099 3.776677 -0.048352 -0.081054 0.995536 55.098022 0.624280 0.775589 0.093467 -4.672679 0.000000 0.000000 0.000000 1.000000
-0.783092 0.621870 0.006648 4.108945 -0.054843 -0.079702 0.995309 56.209671 0.619483 0.779054 0.096519 -4.159098 0.000000 0.000000 0.000000 1.000000
-0.784505 0.620107 -0.004320 4.483603 -0.067744 -0.078776 0.994588 57.267830 0.616411 0.780552 0.103809 -3.694098 0.000000 0.000000 0.000000 1.000000
-0.785457 0.618628 -0.018867 4.904062 -0.084332 -0.076775 0.993476 58.005730 0.613144 0.781924 0.112473 -3.276669 0.000000 0.000000 0.000000 1.000000
-0.787841 0.614971 -0.033432 5.353180 -0.099443 -0.073449 0.992329 58.253208 0.607798 0.785121 0.119021 -2.910254 0.000000 0.000000 0.000000 1.000000
-0.792622 0.608237 -0.042399 5.793371 -0.107096 -0.070429 0.991751 57.985107 0.600233 0.790625 0.120963 -2.620834 0.000000 0.000000 0.000000 1.000000
-0.797913 0.601332 -0.041654 6.171614 -0.103670 -0.068829 0.992227 57.320168 0.593791 0.796029 0.117259 -2.443842 0.000000 0.000000 0.000000 1.000000
-0.800568 0.598388 -0.031989 6.424543 -0.090034 -0.067335 0.993660 56.402008 0.592440 0.798372 0.107782 -2.411670 0.000000 0.000000 0.000000 1.000000
-0.799810 0.599968 -0.018490 6.512633 -0.071311 -0.064387 0.995374 55.368103 0.596002 0.797428 0.094282 -2.515162 0.000000 0.000000 0.000000 1.000000
-0.796725 0.604301 -0.007048 6.435258 -0.054554 -0.060300 0.996688 54.406380 0.601875 0.794471 0.081010 -2.705762 0.000000 0.000000 0.000000 1.000000
-0.791988 0.610537 -0.000148 6.216172 -0.044318 -0.057248 0.997376 53.753613 0.608927 0.789916 0.072398 -2.949881 0.000000 0.000000 0.000000 1.000000
-0.785715 0.618576 0.003916 5.885470 -0.039721 -0.056770 0.997597 53.553024 0.617312 0.783671 0.069176 -3.262132 0.000000 0.000000 0.000000 1.000000
-0.778490 0.627611 0.007551 5.479676 -0.036511 -0.057292 0.997690 53.813744 0.626594 0.776416 0.067516 -3.646257 0.000000 0.000000 0.000000 1.000000
-0.771988 0.635547 0.010673 5.036029 -0.031700 -0.055264 0.997968 54.488029 0.634846 0.770082 0.062811 -4.067623 0.000000 0.000000 0.000000 1.000000
-0.768025 0.640321 0.011255 4.594350 -0.027515 -0.050550 0.998342 55.481743 0.639828 0.766442 0.056442 -4.487628 0.000000 0.000000 0.000000 1.000000
-0.766125 0.642636 0.008448 4.191987 -0.029563 -0.048369 0.998392 56.611221 0.642011 0.764643 0.056055 -4.903750 0.000000 0.000000 0.000000 1.000000
-0.764179 0.644993 0.003730 3.842279 -0.038977 -0.051951 0.997889 57.612522 0.643825 0.762421 0.064840 -5.351934 0.000000 0.000000 0.000000 1.000000
-0.761655 0.647982 -0.000575 3.545248 -0.050808 -0.058835 0.996974 58.217567 0.645988 0.759380 0.077734 -5.844710 0.000000 0.000000 0.000000 1.000000
-0.759626 0.650357 -0.002053 3.318047 -0.059497 -0.066350 0.996021 58.290028 0.647633 0.756726 0.089096 -6.318144 0.000000 0.000000 0.000000 1.000000
-0.758926 0.651177 0.000343 3.176212 -0.061797 -0.072546 0.995449 57.800163 0.648238 0.755451 0.095298 -6.734334 0.000000 0.000000 0.000000 1.000000
-0.759265 0.650744 0.007017 3.109795 -0.056315 -0.076441 0.995482 56.853699 0.648341 0.755440 0.094686 -7.074395 0.000000 0.000000 0.000000 1.000000
-0.759598 0.650124 0.018690 3.084967 -0.043365 -0.079298 0.995907 55.631676 0.648945 0.755679 0.088427 -7.314603 0.000000 0.000000 0.000000 1.000000
-0.759673 0.649382 0.034648 3.088036 -0.025510 -0.082997 0.996223 54.331429 0.649805 0.755920 0.079616 -7.406551 0.000000 0.000000 0.000000 1.000000
-0.760883 0.646920 0.050501 3.152730 -0.007659 -0.086775 0.996198 53.156212 0.648843 0.757604 0.070981 -7.294926 0.000000 0.000000 0.000000 1.000000
-0.764959 0.641216 0.060662 3.289221 0.004856 -0.088441 0.996070 52.279949 0.644061 0.762247 0.064540 -6.996748 0.000000 0.000000 0.000000 1.000000
-0.771739 0.632765 0.063467 3.501627 0.009828 -0.087921 0.996079 51.855919 0.635864 0.769336 0.061634 -6.537621 0.000000 0.000000 0.000000 1.000000
-0.778955 0.623969 0.062392 3.778913 0.009657 -0.087548 0.996114 51.964539 0.627006 0.776530 0.062170 -5.971357 0.000000 0.000000 0.000000 1.000000
-0.784774 0.616826 0.060464 4.092619 0.007426 -0.088192 0.996076 52.559341 0.619738 0.782143 0.064630 -5.360312 0.000000 0.000000 0.000000 1.000000
-0.789406 0.611295 0.056186 4.420738 0.002308 -0.088571 0.996067 53.509739 0.613867 0.786431 0.068508 -4.760887 0.000000 0.000000 0.000000 1.000000
-0.793808 0.606397 0.046381 4.764152 -0.008554 -0.087388 0.996138 54.609680 0.608108 0.790346 0.074556 -4.202325 0.000000 0.000000 0.000000 1.000000
-0.798310 0.601458 0.030803 5.138971 -0.025248 -0.084526 0.996101 55.600594 0.601717 0.794420 0.082664 -3.664214 0.000000 0.000000 0.000000 1.000000
-0.803192 0.595580 0.012912 5.558073 -0.043392 -0.080106 0.995841 56.247692 0.594138 0.799292 0.090184 -3.139121 0.000000 0.000000 0.000000 1.000000
-0.809499 0.587115 -0.002740 6.011170 -0.057097 -0.074077 0.995617 56.402321 0.584338 0.806107 0.093488 -2.648042 0.000000 0.000000 0.000000 1.000000
-0.817313 0.576056 -0.012592 6.465386 -0.062659 -0.067133 0.995775 56.068703 0.572776 0.814649 0.090964 -2.212127 0.000000 0.000000 0.000000 1.000000
-0.823935 0.566494 -0.014695 6.841321 -0.059279 -0.060371 0.996414 55.350716 0.563576 0.821851 0.083324 -1.891388 0.000000 0.000000 0.000000 1.000000
-0.826283 0.563180 -0.009204 7.079412 -0.048324 -0.054600 0.997338 54.437630 0.561178 0.824529 0.072330 -1.716046 0.000000 0.000000 0.000000 1.000000
-0.824531 0.565815 0.000890 7.148520 -0.033505 -0.050395 0.998167 53.524319 0.564823 0.822990 0.060510 -1.699399 0.000000 0.000000 0.000000 1.000000
-0.821247 0.570466 0.011036 7.052763 -0.019893 -0.047958 0.998651 52.809086 0.570226 0.819920 0.050734 -1.827201 0.000000 0.000000 0.000000 1.000000
-0.817980 0.574957 0.018233 6.820483 -0.010925 -0.047217 0.998825 52.461105 0.575142 0.816820 0.044904 -2.074608 0.000000 0.000000 0.000000 1.000000
-0.814122 0.580285 0.021817 6.483954 -0.007206 -0.047663 0.998837 52.558990 0.580650 0.813018 0.042985 -2.435867 0.000000 0.000000 0.000000 1.000000
-0.809004 0.587375 0.022410 6.072478 -0.007468 -0.048392 0.998800 53.081867 0.587755 0.807867 0.043536 -2.918771 0.000000 0.000000 0.000000 1.000000
-0.803403 0.595094 0.020193 5.627704 -0.011066 -0.048829 0.998746 53.969906 0.595333 0.802172 0.045814 -3.490893 0.000000 0.000000 0.000000 1.000000
-0.798676 0.601604 0.013757 5.172047 -0.019709 -0.049001 0.998604 55.099072 0.601438 0.797290 0.050993 -4.122553 0.000000 0.000000 0.000000 1.000000
-0.795141 0.606419 0.002530 4.708363 -0.034897 -0.049921 0.998143 56.247627 0.605419 0.793577 0.060856 -4.817039 0.000000 0.000000 0.000000 1.000000
-0.791715 0.610804 -0.010262 4.236100 -0.054151 -0.053437 0.997102 57.100788 0.608485 0.789977 0.075382 -5.603491 0.000000 0.000000 0.000000 1.000000
-0.786896 0.616805 -0.018599 3.795874 -0.071992 -0.061827 0.995487 57.470482 0.612872 0.784684 0.093057 -6.411817 0.000000 0.000000 0.000000 1.000000
-0.780064 0.625414 -0.018899 3.440891 -0.083355 -0.073936 0.993773 57.267693 0.620123 0.776782 0.109806 -7.152355 0.000000 0.000000 0.000000 1.000000
-0.772203 0.635266 -0.011811 3.203892 -0.085379 -0.085327 0.992688 56.529377 0.629613 0.767566 0.120128 -7.752048 0.000000 0.000000 0.000000 1.000000
-0.765420 0.643531 -0.000573 3.110599 -0.078755 -0.092788 0.992566 55.490784 0.638694 0.759775 0.121703 -8.142714 0.000000 0.000000 0.000000 1.000000
-0.761504 0.648050 0.011968 3.145393 -0.066854 -0.096897 0.993047 54.437035 0.644704 0.755408 0.117113 -8.306973 0.000000 0.000000 0.000000 1.000000
-0.761181 0.648095 0.023985 3.297004 -0.053199 -0.099255 0.993639 53.573700 0.646353 0.755063 0.110029 -8.229033 0.000000 0.000000 0.000000 1.000000
-0.764295 0.644053 0.032382 3.550191 -0.041368 -0.099078 0.994219 52.970093 0.643539 0.758537 0.102368 -7.897448 0.000000 0.000000 0.000000 1.000000
-0.769679 0.637494 0.034572 3.889300 -0.033241 -0.094095 0.995008 52.695892 0.637565 0.764688 0.093614 -7.330266 0.000000 0.000000 0.000000 1.000000
-0.774959 0.631106 0.033813 4.278971 -0.027100 -0.086633 0.995872 52.803089 0.631430 0.770843 0.084240 -6.613869 0.000000 0.000000 0.000000 1.000000
-0.778064 0.627162 0.035832 4.718859 -0.020232 -0.082029 0.996425 53.378891 0.627859 0.774557 0.076512 -5.790673 0.000000 0.000000 0.000000 1.000000
-0.778851 0.625922 0.040143 5.153735 -0.014021 -0.081362 0.996586 54.348602 0.627052 0.775630 0.072145 -4.994923 0.000000 0.000000 0.000000 1.000000
-0.777951 0.627060 0.039864 5.579023 -0.014241 -0.081024 0.996610 55.551731 0.628164 0.774746 0.071963 -4.262517 0.000000 0.000000 0.000000 1.000000
-0.775369 0.630763 0.030658 5.962198 -0.023965 -0.077901 0.996673 56.716000 0.631053 0.772055 0.075518 -3.579557 0.000000 0.000000 0.000000 1.000000
-0.771599 0.635916 0.015656 6.299837 -0.039182 -0.072078 0.996629 57.549408 0.634901 0.768385 0.080532 -2.953862 0.000000 0.000000 0.000000 1.000000
-0.768718 0.639588 0.000568 6.591988 -0.053102 -0.064709 0.996490 57.836296 0.637380 0.765989 0.083707 -2.443681 0.000000 0.000000 0.000000 1.000000
-0.768401 0.639870 -0.011238 6.823752 -0.061687 -0.056577 0.996491 57.553535 0.636988 0.766398 0.082946 -2.104295 0.000000 0.000000 0.000000 1.000000
-0.769294 0.638629 -0.018415 6.973648 -0.063863 -0.048188 0.996795 56.826828 0.635695 0.768004 0.077855 -1.936604 0.000000 0.000000 0.000000 1.000000
-0.768204 0.639886 -0.020189 7.022975 -0.059685 -0.040186 0.997408 55.825935 0.637416 0.767418 0.069063 -1.920770 0.000000 0.000000 0.000000 1.000000
-0.763098 0.646057 -0.017083 6.947959 -0.050570 -0.033338 0.998164 54.728249 0.644302 0.762560 0.058111 -2.056919 0.000000 0.000000 0.000000 1.000000
-0.754059 0.656712 -0.011159 6.731711 -0.039460 -0.028337 0.998819 53.733906 0.655620 0.753609 0.047282 -2.349602 0.000000 0.000000 0.000000 1.000000
-0.742471 0.669860 -0.004898 6.385406 -0.029362 -0.025239 0.999250 53.056213 0.669235 0.742058 0.038408 -2.803060 0.000000 0.000000 0.000000 1.000000
-0.737838 0.674977 -0.000569 5.780289 -0.026471 -0.028095 0.999255 53.474361 0.674458 0.737304 0.038597 -3.233105 0.000000 0.000000 0.000000 1.000000
-0.735700 0.677304 0.002070 5.101909 -0.027174 -0.032571 0.999100 54.231743 0.676762 0.734982 0.042368 -3.669800 0.000000 0.000000 0.000000 1.000000
-0.735123 0.677932 0.001736 4.432645 -0.032409 -0.037701 0.998763 55.219711 0.677159 0.734157 0.049686 -4.114964 0.000000 0.000000 0.000000 1.000000
-0.735511 0.677469 -0.007754 3.995047 -0.049213 -0.042008 0.997904 56.369640 0.675724 0.734351 0.064238 -4.574599 0.000000 0.000000 0.000000 1.000000
-0.742413 0.669488 -0.024683 3.524445 -0.079005 -0.050906 0.995574 57.811100 0.665268 0.741077 0.090687 -4.926673 0.000000 0.000000 0.000000 1.000000
-0.752161 0.657594 -0.042705 2.961117 -0.111075 -0.062637 0.991836 59.317879 0.649551 0.750764 0.120155 -5.205657 0.000000 0.000000 0.000000 1.000000
-0.761723 0.645477 -0.056010 2.476259 -0.135620 -0.074315 0.987970 60.311729 0.633550 0.760155 0.144147 -5.351931 0.000000 0.000000 0.000000 1.000000
-0.766673 0.638732 -0.065069 2.128425 -0.152693 -0.082955 0.984786 60.861641 0.623617 0.764944 0.161129 -5.591301 0.000000 0.000000 0.000000 1.000000
-0.762406 0.644517 -0.057754 2.201910 -0.146446 -0.084918 0.985567 59.936588 0.630310 0.759860 0.159128 -5.985508 0.000000 0.000000 0.000000 1.000000
-0.759075 0.649631 -0.042241 2.287850 -0.129800 -0.087445 0.987677 58.661732 0.637932 0.755203 0.150700 -6.271907 0.000000 0.000000 0.000000 1.000000
-0.757127 0.652879 -0.022546 2.369555 -0.107017 -0.089911 0.990183 57.261795 0.644443 0.752107 0.137943 -6.389634 0.000000 0.000000 0.000000 1.000000
-0.756831 0.653599 -0.003900 2.457854 -0.083361 -0.090606 0.992392 55.940399 0.648273 0.751398 0.123058 -6.281035 0.000000 0.000000 0.000000 1.000000
-0.759342 0.650616 0.009921 2.572825 -0.063903 -0.089739 0.993913 54.983566 0.647546 0.754086 0.109719 -5.931414 0.000000 0.000000 0.000000 1.000000
-0.764956 0.643830 0.018055 2.723625 -0.051078 -0.088585 0.994758 54.664387 0.642054 0.760024 0.100649 -5.407768 0.000000 0.000000 0.000000 1.000000
-0.772150 0.635114 0.020368 2.907178 -0.044944 -0.086558 0.995232 55.039158 0.633849 0.767553 0.095381 -4.812796 0.000000 0.000000 0.000000 1.000000
-0.778939 0.626891 0.016170 3.150323 -0.046277 -0.083177 0.995460 56.000229 0.625389 0.774655 0.093801 -4.209335 0.000000 0.000000 0.000000 1.000000</float_array><technique_common><accessor source="#root1-Matrix-animation-output-transform-array" count="109" stride="16"><param type="float4x4"/></accessor></technique_common></source><source id="root1-Interpolations"><Name_array id="root1-Interpolations-array" count="109">
 LINEAR LINEAR LINEAR LINEAR LINEAR LINEAR LINEAR LINEAR LINEAR LINEAR LINEAR
LINEAR LINEAR LINEAR LINEAR LINEAR LINEAR LINEAR LINEAR LINEAR LINEAR LINEAR LINEAR
LINEAR LINEAR LINEAR LINEAR LINEAR LINEAR LINEAR LINEAR LINEAR LINEAR LINEAR LINEAR
LINEAR LINEAR LINEAR LINEAR LINEAR LINEAR LINEAR LINEAR LINEAR LINEAR LINEAR LINEAR
LINEAR LINEAR LINEAR LINEAR LINEAR LINEAR LINEAR LINEAR LINEAR LINEAR LINEAR LINEAR
LINEAR LINEAR LINEAR LINEAR LINEAR LINEAR LINEAR LINEAR LINEAR LINEAR LINEAR LINEAR
LINEAR LINEAR LINEAR LINEAR LINEAR LINEAR LINEAR LINEAR LINEAR LINEAR LINEAR LINEAR
LINEAR LINEAR LINEAR LINEAR LINEAR LINEAR LINEAR LINEAR LINEAR LINEAR LINEAR LINEAR
LINEAR LINEAR LINEAR LINEAR LINEAR LINEAR LINEAR LINEAR LINEAR LINEAR LINEAR LINEAR
LINEAR LINEAR</Name_array><technique_common><accessor source="#root1-Interpolations-array" count="109"><param type="name"/></accessor></technique_common></source><sampler id="root1-Matrix-animation-transform"><input semantic="INPUT" source="#root1-Matrix-animation-input"/><input semantic="OUTPUT" source="#root1-Matrix-animation-output-transform"/><input semantic="INTERPOLATION" source="#root1-Interpolations"/></sampler><channel source="#root1-Matrix-animation-transform" target="root1/matrix"/></animation>
    <animation id="spine1-anim" name="spine1"><source id="spine1-Matrix-animation-input"><float_array id="spine1-Matrix-animation-input-array" count="109">

0.000000 0.033333 0.066667 0.100000 0.133333 0.166667 0.200000 0.233333 0.266667 0.300000 0.333333 0.366667 0.400000 0.433333 0.466667 0.500000
0.533333 0.566667 0.600000 0.633333 0.666667 0.700000 0.733333 0.766667 0.800000 0.833333 0.866667 0.900000 0.933333 0.966667 1.000000 1.033333
1.066667 1.100000 1.133333 1.166667 1.200000 1.233333 1.266667 1.300000 1.333333 1.366667 1.400000 1.433333 1.466667 1.500000 1.533333 1.566667
1.600000 1.633333 1.666667 1.700000 1.733333 1.766667 1.800000 1.833333 1.866667 1.900000 1.933333 1.966667 2.000000 2.033333 2.066667 2.100000
2.133333 2.166667 2.200000 2.233333 2.266667 2.300000 2.333333 2.366667 2.400000 2.433333 2.466667 2.500000 2.533333 2.566667 2.600000 2.633333
2.666667 2.700000 2.733333 2.766667 2.800000 2.833333 2.866667 2.900000 2.933333 2.966667 3.000000 3.033333 3.066667 3.100000 3.133333 3.166667
3.200000 3.233333 3.266667 3.300000 3.333333 3.366667 3.400000 3.433333 3.466667 3.500000 3.533333 3.566667 3.600000</float_array><technique_common><accessor source="#spine1-Matrix-animation-input-array" count="109"><param name="TIME" type="float"/></accessor></technique_common></source><source id="spine1-Matrix-animation-output-transform"><float_array id="spine1-Matrix-animation-output-transform-array" count="1744">

0.371326 -0.013723 -0.928401 -0.440200 -0.034665 0.998989 -0.028631 -0.000000 0.927855 0.042814 0.370474 24.819401 0.000000 0.000000 0.000000 1.000000
0.368600 -0.013302 -0.929493 -0.440200 -0.029362 0.999232 -0.025943 0.000000 0.929124 0.036854 0.367927 24.819401 0.000000 0.000000 0.000000 1.000000
0.365404 -0.014027 -0.930743 -0.440200 -0.023699 0.999422 -0.024366 0.000000 0.930547 0.030961 0.364860 24.819401 0.000000 0.000000 0.000000 1.000000
0.362697 -0.015503 -0.931778 -0.440200 -0.018952 0.999532 -0.024008 -0.000000 0.931714 0.026367 0.362234 24.819401 0.000000 0.000000 0.000000 1.000000
0.361499 -0.017299 -0.932212 -0.440200 -0.015182 0.999586 -0.024437 0.000000 0.932249 0.022987 0.361086 24.819401 0.000000 0.000000 0.000000 1.000000
0.362208 -0.019736 -0.931888 -0.440200 -0.011427 0.999607 -0.025611 -0.000000 0.932027 0.019925 0.361840 24.819401 0.000000 0.000000 0.000000 1.000000
0.364819 -0.022993 -0.930794 -0.440200 -0.007247 0.999595 -0.027533 -0.000000 0.931050 0.016790 0.364505 24.819401 0.000000 0.000000 0.000000 1.000000
0.369100 -0.026441 -0.929014 -0.440200 -0.003339 0.999551 -0.029775 0.000000 0.929384 0.014092 0.368846 24.819401 0.000000 0.000000 0.000000 1.000000
0.374227 -0.029217 -0.926877 -0.440200 -0.000927 0.999491 -0.031880 0.000000 0.927337 0.012790 0.374009 24.819401 0.000000 0.000000 0.000000 1.000000
0.378592 -0.031267 -0.925035 -0.440200 0.000512 0.999436 -0.033573 0.000000 0.925563 0.012237 0.378395 24.819401 0.000000 0.000000 0.000000 1.000000
0.380989 -0.032841 -0.923996 -0.440200 -0.000245 0.999365 -0.035620 0.000000 0.924580 0.013798 0.380739 24.819401 0.000000 0.000000 0.000000 1.000000
0.381259 -0.033852 -0.923848 -0.440200 -0.003970 0.999260 -0.038254 0.000000 0.924460 0.018252 0.380842 24.819401 0.000000 0.000000 0.000000 1.000000
0.380165 -0.033964 -0.924295 -0.440200 -0.009949 0.999118 -0.040805 0.000000 0.924865 0.024709 0.379491 24.819401 0.000000 0.000000 0.000000 1.000000
0.378312 -0.033169 -0.925084 -0.440200 -0.015293 0.998998 -0.042073 -0.000000 0.925552 0.030064 0.377426 24.819401 0.000000 0.000000 0.000000 1.000000
0.375241 -0.031844 -0.926380 -0.440200 -0.018027 0.998970 -0.041641 0.000000 0.926752 0.032325 0.374280 24.819401 0.000000 0.000000 0.000000 1.000000
0.370261 -0.030529 -0.928426 -0.440200 -0.018656 0.999014 -0.040290 0.000000 0.928740 0.032238 0.369326 24.819401 0.000000 0.000000 0.000000 1.000000
0.364005 -0.029339 -0.930935 -0.440200 -0.019289 0.999052 -0.039028 0.000000 0.931197 0.032164 0.363094 24.819401 0.000000 0.000000 0.000000 1.000000
0.358346 -0.028137 -0.933165 -0.440200 -0.021097 0.999046 -0.038225 0.000000 0.933350 0.033385 0.357411 24.819401 0.000000 0.000000 0.000000 1.000000
0.355212 -0.026710 -0.934404 -0.440200 -0.024619 0.998978 -0.037915 0.000000 0.934462 0.036472 0.354191 24.819401 0.000000 0.000000 0.000000 1.000000
0.355794 -0.024927 -0.934232 -0.440200 -0.029307 0.998855 -0.037813 -0.000000 0.934105 0.040833 0.354656 24.819401 0.000000 0.000000 0.000000 1.000000
0.360156 -0.022751 -0.932615 -0.440200 -0.034059 0.998715 -0.037516 0.000000 0.932270 0.045275 0.358918 24.819401 0.000000 0.000000 0.000000 1.000000
0.366459 -0.020309 -0.930213 -0.440200 -0.038134 0.998594 -0.036826 -0.000000 0.929652 0.048968 0.365169 24.819401 0.000000 0.000000 0.000000 1.000000
0.371591 -0.017846 -0.928225 -0.440200 -0.041782 0.998481 -0.035923 0.000000 0.927456 0.052132 0.370281 24.819401 0.000000 0.000000 0.000000 1.000000
0.373861 -0.015550 -0.927354 -0.440200 -0.045606 0.998342 -0.035126 0.000000 0.926363 0.055426 0.372532 24.819401 0.000000 0.000000 0.000000 1.000000
0.374058 -0.013714 -0.927304 -0.440200 -0.048939 0.998206 -0.034503 0.000000 0.926113 0.058287 0.372716 24.819401 0.000000 0.000000 0.000000 1.000000
0.373819 -0.012746 -0.927414 -0.440200 -0.049596 0.998200 -0.033710 0.000000 0.926175 0.058598 0.372514 24.819401 0.000000 0.000000 0.000000 1.000000
0.373700 -0.012439 -0.927466 -0.440200 -0.046406 0.998407 -0.032089 -0.000000 0.926388 0.055032 0.372527 24.819401 0.000000 0.000000 0.000000 1.000000
0.373051 -0.012139 -0.927731 -0.440200 -0.041682 0.998686 -0.029828 0.000000 0.926874 0.049797 0.372055 24.819401 0.000000 0.000000 0.000000 1.000000
0.371245 -0.011947 -0.928458 -0.440200 -0.037105 0.998928 -0.027690 -0.000000 0.927793 0.044730 0.370403 24.819401 0.000000 0.000000 0.000000 1.000000
0.368654 -0.012615 -0.929481 -0.440200 -0.032129 0.999138 -0.026304 -0.000000 0.929011 0.039560 0.367930 24.819401 0.000000 0.000000 0.000000 1.000000
0.366167 -0.014338 -0.930439 -0.440200 -0.026121 0.999329 -0.025679 -0.000000 0.930183 0.033707 0.365546 24.819401 0.000000 0.000000 0.000000 1.000000
0.364563 -0.016897 -0.931025 -0.440200 -0.019474 0.999478 -0.025765 -0.000000 0.930975 0.027524 0.364044 24.819401 0.000000 0.000000 0.000000 1.000000
0.364626 -0.020149 -0.930936 -0.440200 -0.012593 0.999568 -0.026567 -0.000000 0.931069 0.021411 0.364215 24.819401 0.000000 0.000000 0.000000 1.000000
0.367020 -0.023585 -0.929914 -0.440200 -0.006208 0.999594 -0.027803 0.000000 0.930192 0.015977 0.366725 24.819401 0.000000 0.000000 0.000000 1.000000
0.371534 -0.026683 -0.928036 -0.440200 -0.000658 0.999579 -0.029003 -0.000000 0.928419 0.011387 0.371360 24.819401 0.000000 0.000000 0.000000 1.000000
0.376648 -0.029497 -0.925887 -0.440200 0.003844 0.999534 -0.030280 -0.000000 0.926348 0.007846 0.376586 24.819401 0.000000 0.000000 0.000000 1.000000
0.380341 -0.032182 -0.924286 -0.440200 0.006871 0.999465 -0.031972 0.000000 0.924821 0.005809 0.380359 24.819401 0.000000 0.000000 0.000000 1.000000
0.381718 -0.034382 -0.923639 -0.440200 0.007650 0.999391 -0.034040 0.000000 0.924247 0.005928 0.381749 24.819401 0.000000 0.000000 0.000000 1.000000
0.381491 -0.035554 -0.923688 -0.440200 0.006038 0.999335 -0.035972 -0.000000 0.924353 0.008146 0.381452 24.819401 0.000000 0.000000 0.000000 1.000000
0.380856 -0.035535 -0.923951 -0.440200 0.003309 0.999307 -0.037069 -0.000000 0.924628 0.011060 0.380710 24.819401 0.000000 0.000000 0.000000 1.000000
0.380369 -0.034651 -0.924186 -0.440200 0.001461 0.999319 -0.036867 0.000000 0.924834 0.012673 0.380160 24.819401 0.000000 0.000000 0.000000 1.000000
0.379511 -0.033297 -0.924588 -0.440200 0.001040 0.999367 -0.035563 0.000000 0.925187 0.012535 0.379306 24.819401 0.000000 0.000000 0.000000 1.000000
0.377362 -0.031461 -0.925531 -0.440200 0.000047 0.999423 -0.033953 -0.000000 0.926066 0.012769 0.377146 24.819401 0.000000 0.000000 0.000000 1.000000
0.374083 -0.029070 -0.926940 -0.440200 -0.002542 0.999473 -0.032371 -0.000000 0.927392 0.014465 0.373811 24.819401 0.000000 0.000000 0.000000 1.000000
0.370796 -0.026669 -0.928331 -0.440200 -0.005016 0.999516 -0.030717 0.000000 0.928701 0.016046 0.370483 24.819401 0.000000 0.000000 0.000000 1.000000
0.368564 -0.024981 -0.929267 -0.440200 -0.007427 0.999528 -0.029815 -0.000000 0.929573 0.017890 0.368205 24.819401 0.000000 0.000000 0.000000 1.000000
0.368173 -0.024478 -0.929435 -0.440200 -0.010427 0.999482 -0.030454 0.000000 0.929699 0.020904 0.367727 24.819401 0.000000 0.000000 0.000000 1.000000
0.370244 -0.024801 -0.928603 -0.440200 -0.014650 0.999363 -0.032532 0.000000 0.928819 0.025649 0.369645 24.819401 0.000000 0.000000 0.000000 1.000000
0.374472 -0.025024 -0.926900 -0.440200 -0.020081 0.999182 -0.035088 0.000000 0.927021 0.031753 0.373663 24.819401 0.000000 0.000000 0.000000 1.000000
0.379278 -0.024435 -0.924960 -0.440200 -0.025955 0.998977 -0.037033 -0.000000 0.924919 0.038053 0.378255 24.819401 0.000000 0.000000 0.000000 1.000000
0.382910 -0.023107 -0.923497 -0.440200 -0.031005 0.998802 -0.037847 0.000000 0.923265 0.043125 0.381735 24.819401 0.000000 0.000000 0.000000 1.000000
0.384719 -0.021795 -0.922776 -0.440200 -0.034049 0.998706 -0.037784 0.000000 0.922405 0.045956 0.383479 24.819401 0.000000 0.000000 0.000000 1.000000
0.385140 -0.020900 -0.922621 -0.440200 -0.034990 0.998694 -0.037229 -0.000000 0.922194 0.046621 0.383906 24.819401 0.000000 0.000000 0.000000 1.000000
0.384856 -0.019923 -0.922762 -0.440200 -0.035215 0.998722 -0.036250 0.000000 0.922305 0.046446 0.383662 24.819401 0.000000 0.000000 0.000000 1.000000
0.384057 -0.018713 -0.923120 -0.440200 -0.034710 0.998795 -0.034687 0.000000 0.922657 0.045363 0.382945 24.819401 0.000000 0.000000 0.000000 1.000000
0.382398 -0.017677 -0.923829 -0.440200 -0.032584 0.998937 -0.032601 0.000000 0.923423 0.042568 0.381415 24.819401 0.000000 0.000000 0.000000 1.000000
0.379589 -0.017136 -0.924997 -0.440200 -0.028777 0.999126 -0.030318 0.000000 0.924708 0.038128 0.378764 24.819401 0.000000 0.000000 0.000000 1.000000
0.375998 -0.017153 -0.926462 -0.440200 -0.024212 0.999305 -0.028327 0.000000 0.926304 0.033083 0.375321 24.819401 0.000000 0.000000 0.000000 1.000000
0.372518 -0.017869 -0.927853 -0.440200 -0.019203 0.999452 -0.026957 -0.000000 0.927826 0.027860 0.371970 24.819401 0.000000 0.000000 0.000000 1.000000
0.370004 -0.019554 -0.928824 -0.440200 -0.013245 0.999566 -0.026320 0.000000 0.928936 0.022041 0.369584 24.819401 0.000000 0.000000 0.000000 1.000000
0.369251 -0.022125 -0.929066 -0.440200 -0.006147 0.999637 -0.026249 -0.000000 0.929309 0.015404 0.368981 24.819401 0.000000 0.000000 0.000000 1.000000
0.370877 -0.024938 -0.928347 -0.440200 0.001030 0.999650 -0.026442 -0.000000 0.928682 0.008850 0.370772 24.819401 0.000000 0.000000 0.000000 1.000000
0.374633 -0.027135 -0.926776 -0.440200 0.006187 0.999623 -0.026767 -0.000000 0.927152 0.004294 0.374660 24.819401 0.000000 0.000000 0.000000 1.000000
0.379085 -0.028599 -0.924920 -0.440200 0.008527 0.999588 -0.027413 -0.000000 0.925322 0.002505 0.379173 24.819401 0.000000 0.000000 0.000000 1.000000
0.382638 -0.029776 -0.923418 -0.440200 0.008978 0.999553 -0.028510 0.000000 0.923855 0.002618 0.382735 24.819401 0.000000 0.000000 0.000000 1.000000
0.384681 -0.030731 -0.922538 -0.440200 0.008076 0.999519 -0.029928 -0.000000 0.923014 0.004063 0.384744 24.819401 0.000000 0.000000 0.000000 1.000000
0.385321 -0.031039 -0.922260 -0.440200 0.005597 0.999494 -0.031300 -0.000000 0.922766 0.006899 0.385300 24.819401 0.000000 0.000000 0.000000 1.000000
0.384791 -0.030451 -0.922501 -0.440200 0.001893 0.999480 -0.032202 -0.000000 0.923002 0.010645 0.384648 24.819401 0.000000 0.000000 0.000000 1.000000
0.383191 -0.029056 -0.923212 -0.440200 -0.002354 0.999471 -0.032433 0.000000 0.923666 0.014601 0.382920 24.819401 0.000000 0.000000 0.000000 1.000000
0.380315 -0.027237 -0.924456 -0.440200 -0.006707 0.999459 -0.032206 0.000000 0.924833 0.018449 0.379927 24.819401 0.000000 0.000000 0.000000 1.000000
0.376089 -0.025646 -0.926229 -0.440200 -0.010850 0.999426 -0.032078 0.000000 0.926520 0.022114 0.375595 24.819401 0.000000 0.000000 0.000000 1.000000
0.371203 -0.024851 -0.928219 -0.440200 -0.014099 0.999376 -0.032395 -0.000000 0.928445 0.025112 0.370621 24.819401 0.000000 0.000000 0.000000 1.000000
0.367092 -0.024553 -0.929860 -0.440200 -0.017948 0.999279 -0.033471 0.000000 0.930011 0.028976 0.366387 24.819401 0.000000 0.000000 0.000000 1.000000
0.365228 -0.024299 -0.930601 -0.440200 -0.023458 0.999102 -0.035294 0.000000 0.930622 0.034721 0.364330 24.819401 0.000000 0.000000 0.000000 1.000000
0.366616 -0.024051 -0.930062 -0.440200 -0.030579 0.998814 -0.037883 0.000000 0.929870 0.042329 0.365445 24.819401 0.000000 0.000000 0.000000 1.000000
0.371103 -0.023805 -0.928286 -0.440200 -0.038718 0.998405 -0.041082 0.000000 0.927784 0.051187 0.369590 24.819401 0.000000 0.000000 0.000000 1.000000
0.377399 -0.022958 -0.925766 -0.440200 -0.046400 0.997968 -0.043664 0.000000 0.924888 0.059434 0.375567 24.819401 0.000000 0.000000 0.000000 1.000000
0.383596 -0.021057 -0.923261 -0.440200 -0.051301 0.997710 -0.044070 0.000000 0.922075 0.064269 0.381638 24.819401 0.000000 0.000000 0.000000 1.000000
0.388438 -0.018718 -0.921285 -0.440200 -0.052406 0.997727 -0.042367 0.000000 0.919984 0.064738 0.386574 24.819401 0.000000 0.000000 0.000000 1.000000
0.391704 -0.017107 -0.919932 -0.440200 -0.049705 0.997974 -0.039722 0.000000 0.918748 0.061285 0.390060 24.819401 0.000000 0.000000 0.000000 1.000000
0.393975 -0.016357 -0.918976 -0.440200 -0.045016 0.998298 -0.037067 -0.000000 0.918018 0.055972 0.392568 24.819401 0.000000 0.000000 0.000000 1.000000
0.395396 -0.015893 -0.918373 -0.440200 -0.039895 0.998610 -0.034457 0.000000 0.917644 0.050263 0.394212 24.819401 0.000000 0.000000 0.000000 1.000000
0.395624 -0.015462 -0.918282 -0.440200 -0.034395 0.998907 -0.031638 0.000000 0.917768 0.044101 0.394660 24.819401 0.000000 0.000000 0.000000 1.000000
0.393990 -0.015229 -0.918988 -0.440200 -0.028547 0.999178 -0.028797 0.000000 0.918671 0.037580 0.393231 24.819401 0.000000 0.000000 0.000000 1.000000
0.390517 -0.015422 -0.920467 -0.440200 -0.023027 0.999383 -0.026513 0.000000 0.920308 0.031550 0.389921 24.819401 0.000000 0.000000 0.000000 1.000000
0.386299 -0.016635 -0.922224 -0.440200 -0.018302 0.999502 -0.025695 0.000000 0.922192 0.026805 0.385802 24.819401 0.000000 0.000000 0.000000 1.000000
0.382665 -0.019635 -0.923679 -0.440200 -0.013126 0.999558 -0.026686 -0.000000 0.923794 0.022336 0.382238 24.819401 0.000000 0.000000 0.000000 1.000000
0.380445 -0.024275 -0.924485 -0.440200 -0.006209 0.999566 -0.028801 0.000000 0.924783 0.016697 0.380129 24.819401 0.000000 0.000000 0.000000 1.000000
0.380082 -0.029375 -0.924486 -0.440200 0.001556 0.999514 -0.031119 0.000000 0.924952 0.010389 0.379943 24.819401 0.000000 0.000000 0.000000 1.000000
0.381848 -0.033678 -0.923611 -0.440200 0.007541 0.999416 -0.033324 0.000000 0.924194 0.005760 0.381879 24.819401 0.000000 0.000000 0.000000 1.000000
0.385324 -0.036638 -0.922054 -0.440200 0.010170 0.999319 -0.035458 -0.000000 0.922725 0.004285 0.385435 24.819401 0.000000 0.000000 0.000000 1.000000
0.389254 -0.038383 -0.920331 -0.440200 0.010166 0.999250 -0.037375 0.000000 0.921075 0.005193 0.389352 24.819401 0.000000 0.000000 0.000000 1.000000
0.392467 -0.039007 -0.918938 -0.440200 0.008544 0.999212 -0.038765 -0.000000 0.919726 0.007362 0.392491 24.819401 0.000000 0.000000 0.000000 1.000000
0.391164 -0.036531 -0.919596 -0.440200 0.003222 0.999260 -0.038325 -0.000000 0.920315 0.012028 0.390992 24.819401 0.000000 0.000000 0.000000 1.000000
0.388330 -0.033484 -0.920912 -0.440200 -0.002731 0.999293 -0.037485 0.000000 0.921516 0.017072 0.387964 24.819401 0.000000 0.000000 0.000000 1.000000
0.384404 -0.030692 -0.922655 -0.440200 -0.008317 0.999291 -0.036706 -0.000000 0.923128 0.021784 0.383876 24.819401 0.000000 0.000000 0.000000 1.000000
0.379289 -0.029388 -0.924811 -0.440200 -0.011188 0.999277 -0.036342 0.000000 0.925211 0.024131 0.378686 24.819401 0.000000 0.000000 0.000000 1.000000
0.370337 -0.028008 -0.928475 -0.440200 -0.013827 0.999268 -0.035658 -0.000000 0.928794 0.026044 0.369679 24.819401 0.000000 0.000000 0.000000 1.000000
0.359853 -0.026493 -0.932633 -0.440200 -0.017231 0.999238 -0.035033 0.000000 0.932850 0.028677 0.359122 24.819401 0.000000 0.000000 0.000000 1.000000
0.351247 -0.025198 -0.935944 -0.440200 -0.020995 0.999174 -0.034779 0.000000 0.936048 0.031866 0.350428 24.819401 0.000000 0.000000 0.000000 1.000000
0.345901 -0.024126 -0.937961 -0.440200 -0.024717 0.999088 -0.034813 0.000000 0.937946 0.035225 0.344989 24.819401 0.000000 0.000000 0.000000 1.000000
0.350044 -0.023339 -0.936443 -0.440200 -0.028826 0.998948 -0.035672 0.000000 0.936290 0.039481 0.349003 24.819401 0.000000 0.000000 0.000000 1.000000
0.356767 -0.022804 -0.933915 -0.440200 -0.032989 0.998771 -0.036990 -0.000000 0.933611 0.044005 0.355576 24.819401 0.000000 0.000000 0.000000 1.000000
0.364102 -0.021924 -0.931101 -0.440200 -0.037138 0.998586 -0.038036 0.000000 0.930618 0.048428 0.362773 24.819401 0.000000 0.000000 0.000000 1.000000
0.369974 -0.020159 -0.928824 -0.440200 -0.041330 0.998418 -0.038133 -0.000000 0.928122 0.052496 0.368555 24.819401 0.000000 0.000000 0.000000 1.000000
0.373276 -0.017853 -0.927549 -0.440200 -0.044660 0.998310 -0.037188 0.000000 0.926645 0.055306 0.371848 24.819401 0.000000 0.000000 0.000000 1.000000
0.374353 -0.015920 -0.927149 -0.440200 -0.045500 0.998333 -0.035514 0.000000 0.926169 0.055480 0.373005 24.819401 0.000000 0.000000 0.000000 1.000000
0.373919 -0.014861 -0.927342 -0.440200 -0.042457 0.998549 -0.033122 0.000000 0.926489 0.051757 0.372745 24.819401 0.000000 0.000000 0.000000 1.000000
0.372409 -0.014101 -0.927962 -0.440200 -0.037374 0.998846 -0.030177 -0.000000 0.927316 0.045920 0.371452 24.819401 0.000000 0.000000 0.000000 1.000000</float_array><technique_common><accessor source="#spine1-Matrix-animation-output-transform-array" count="109" stride="16"><param type="float4x4"/></accessor></technique_common></source><source id="spine1-Interpolations"><Name_array id="spine1-Interpolations-array" count="109">
 LINEAR LINEAR LINEAR LINEAR LINEAR LINEAR LINEAR LINEAR LINEAR LINEAR LINEAR
LINEAR LINEAR LINEAR LINEAR LINEAR LINEAR LINEAR LINEAR LINEAR LINEAR LINEAR LINEAR
LINEAR LINEAR LINEAR LINEAR LINEAR LINEAR LINEAR LINEAR LINEAR LINEAR LINEAR LINEAR
LINEAR LINEAR LINEAR LINEAR LINEAR LINEAR LINEAR LINEAR LINEAR LINEAR LINEAR LINEAR
LINEAR LINEAR LINEAR LINEAR LINEAR LINEAR LINEAR LINEAR LINEAR LINEAR LINEAR LINEAR
LINEAR LINEAR LINEAR LINEAR LINEAR LINEAR LINEAR LINEAR LINEAR LINEAR LINEAR LINEAR
LINEAR LINEAR LINEAR LINEAR LINEAR LINEAR LINEAR LINEAR LINEAR LINEAR LINEAR LINEAR
LINEAR LINEAR LINEAR LINEAR LINEAR LINEAR LINEAR LINEAR LINEAR LINEAR LINEAR LINEAR
LINEAR LINEAR LINEAR LINEAR LINEAR LINEAR LINEAR LINEAR LINEAR LINEAR LINEAR LINEAR
LINEAR LINEAR</Name_array><technique_common><accessor source="#spine1-Interpolations-array" count="109"><param type="name"/></accessor></technique_common></source><sampler id="spine1-Matrix-animation-transform"><input semantic="INPUT" source="#spine1-Matrix-animation-input"/><input semantic="OUTPUT" source="#spine1-Matrix-animation-output-transform"/><input semantic="INTERPOLATION" source="#spine1-Interpolations"/></sampler><channel source="#spine1-Matrix-animation-transform" target="spine1/matrix"/></animation>
    <animation id="spine2-anim" name="spine2"><source id="spine2-Matrix-animation-input"><float_array id="spine2-Matrix-animation-input-array" count="109">

0.000000 0.033333 0.066667 0.100000 0.133333 0.166667 0.200000 0.233333 0.266667 0.300000 0.333333 0.366667 0.400000 0.433333 0.466667 0.500000
0.533333 0.566667 0.600000 0.633333 0.666667 0.700000 0.733333 0.766667 0.800000 0.833333 0.866667 0.900000 0.933333 0.966667 1.000000 1.033333
1.066667 1.100000 1.133333 1.166667 1.200000 1.233333 1.266667 1.300000 1.333333 1.366667 1.400000 1.433333 1.466667 1.500000 1.533333 1.566667
1.600000 1.633333 1.666667 1.700000 1.733333 1.766667 1.800000 1.833333 1.866667 1.900000 1.933333 1.966667 2.000000 2.033333 2.066667 2.100000
2.133333 2.166667 2.200000 2.233333 2.266667 2.300000 2.333333 2.366667 2.400000 2.433333 2.466667 2.500000 2.533333 2.566667 2.600000 2.633333
