<?xml version="1.0" encoding="utf-8"?>
<COLLADA xmlns="http://www.collada.org/2005/11/COLLADASchema" version="1.4.1">
  <asset><contributor><author>Mixamo</author><authoring_tool>COLLADA Mixamo exporter</authoring_tool><comments></comments></contributor><created>2020-10-21T23:05:28Z</created><modified>2020-10-21T23:05:28Z</modified><revision></revision><title></title><unit meter="0.010000"/><up_axis>Y_UP</up_axis></asset>
  <library_animations>
    <animation id="root1-anim" name="root1"><source id="root1-Matrix-animation-input"><float_array id="root1-Matrix-animation-input-array" count="57">

0.000000 0.033333 0.066667 0.100000 0.133333 0.166667 0.200000 0.233333 0.266667 0.300000 0.333333 0.366667 0.400000 0.433333 0.466667 0.500000
0.533333 0.566667 0.600000 0.633333 0.666667 0.700000 0.733333 0.766667 0.800000 0.833333 0.866667 0.900000 0.933333 0.966667 1.000000 1.033333
1.066667 1.100000 1.133333 1.166667 1.200000 1.233333 1.266667 1.300000 1.333333 1.366667 1.400000 1.433333 1.466667 1.500000 1.533333 1.566667
1.600000 1.633333 1.666667 1.700000 1.733333 1.766667 1.800000 1.833333 1.866667</float_array><technique_common><accessor source="#root1-Matrix-animation-input-array" count="57"><param name="TIME" type="float"/></accessor></technique_common></source><source id="root1-Matrix-animation-output-transform"><float_array id="root1-Matrix-animation-output-transform-array" count="912">

-0.115328 0.988070 -0.102062 -3.562084 -0.054412 0.096310 0.993863 80.415359 0.991836 0.120173 0.042656 -15.867407 0.000000 0.000000 0.000000 1.000000
-0.109796 0.989158 -0.097531 -3.698894 -0.054001 0.092043 0.994290 80.400192 0.992486 0.114436 0.043310 -16.040178 0.000000 0.000000 0.000000 1.000000
-0.101198 0.990621 -0.091807 -3.949690 -0.053967 0.086679 0.994774 80.424156 0.993402 0.105623 0.044689 -16.310015 0.000000 0.000000 0.000000 1.000000
-0.090695 0.992269 -0.084716 -4.446464 -0.054210 0.080021 0.995318 80.417557 0.994402 0.094863 0.046533 -16.718889 0.000000 0.000000 0.000000 1.000000
-0.077485 0.993917 -0.078262 -5.295297 -0.055123 0.074107 0.995726 80.298401 0.995468 0.081468 0.049046 -17.346556 0.000000 0.000000 0.000000 1.000000
-0.057486 0.995407 -0.076552 -6.656480 -0.061900 0.072977 0.995411 79.902466 0.996425 0.061961 0.057420 -18.315443 0.000000 0.000000 0.000000 1.000000
-0.032001 0.996798 -0.073278 -8.282295 -0.074428 0.070735 0.994715 78.964493 0.996713 0.037286 0.071926 -19.643791 0.000000 0.000000 0.000000 1.000000
-0.006665 0.998216 -0.059333 -9.982002 -0.102373 0.058341 0.993034 77.248543 0.994724 0.012692 0.101801 -21.159439 0.000000 0.000000 0.000000 1.000000
0.009374 0.999256 -0.037401 -11.856382 -0.144802 0.038364 0.988717 74.965988 0.989416 -0.003852 0.145054 -22.436981 0.000000 0.000000 0.000000 1.000000
0.006703 0.999657 -0.025299 -13.747438 -0.187554 0.026107 0.981907 72.509407 0.982231 -0.001836 0.187665 -23.125893 0.000000 0.000000 0.000000 1.000000
-0.000564 0.999424 -0.033941 -15.120120 -0.182486 0.033268 0.982645 69.695305 0.983208 0.006748 0.182362 -23.261484 0.000000 0.000000 0.000000 1.000000
0.008755 0.998263 -0.058263 -16.090546 -0.148111 0.058917 0.987214 66.331902 0.988932 -0.000013 0.148369 -23.624283 0.000000 0.000000 0.000000 1.000000
0.002728 0.996138 -0.087762 -16.505798 -0.126895 0.087398 0.988058 64.598091 0.991912 0.008441 0.126643 -23.637331 0.000000 0.000000 0.000000 1.000000
-0.004903 0.995970 -0.089553 -16.324270 -0.090810 0.088741 0.991907 64.567726 0.995856 0.012995 0.090009 -23.320839 0.000000 0.000000 0.000000 1.000000
0.019562 0.995718 -0.090346 -16.120644 -0.067269 0.091470 0.993533 65.951248 0.997543 -0.013358 0.068771 -22.793739 0.000000 0.000000 0.000000 1.000000
0.044912 0.994376 -0.095917 -15.830307 -0.040299 0.097739 0.994396 68.568245 0.998178 -0.040795 0.044462 -22.096397 0.000000 0.000000 0.000000 1.000000
0.073608 0.992392 -0.098687 -15.493399 -0.040830 0.101871 0.993959 71.542358 0.996451 -0.069134 0.048018 -21.328892 0.000000 0.000000 0.000000 1.000000
0.107650 0.989510 -0.096336 -14.945750 -0.069075 0.104109 0.992164 74.082253 0.991786 -0.100152 0.079558 -20.462000 0.000000 0.000000 0.000000 1.000000
0.130677 0.987126 -0.092227 -14.152623 -0.101273 0.105828 0.989214 76.333641 0.986239 -0.119927 0.113798 -19.462820 0.000000 0.000000 0.000000 1.000000
0.126078 0.988796 -0.079923 -13.224525 -0.106324 0.093571 0.989919 78.157120 0.986306 -0.116309 0.116930 -18.869268 0.000000 0.000000 0.000000 1.000000
0.100043 0.992183 -0.074598 -12.146227 -0.057109 0.080576 0.995111 79.093208 0.993343 -0.095294 0.064723 -18.602425 0.000000 0.000000 0.000000 1.000000
0.077218 0.995316 -0.058162 -11.277620 -0.013444 0.059370 0.998146 79.900055 0.996924 -0.076293 0.017965 -18.161367 0.000000 0.000000 0.000000 1.000000
0.076507 0.995530 -0.055376 -11.115124 -0.009742 0.056283 0.998367 80.141052 0.997021 -0.075843 0.014004 -17.554613 0.000000 0.000000 0.000000 1.000000
0.081580 0.994063 -0.072000 -11.368667 -0.003754 0.072546 0.997358 79.819870 0.996660 -0.081095 0.009650 -17.276752 0.000000 0.000000 0.000000 1.000000
0.072139 0.995259 -0.065235 -11.209362 0.011407 0.064578 0.997847 79.088150 0.997329 -0.072728 -0.006694 -17.336321 0.000000 0.000000 0.000000 1.000000
0.065914 0.997004 -0.040484 -10.969738 -0.010887 0.041289 0.999088 79.332573 0.997766 -0.065413 0.013576 -17.115940 0.000000 0.000000 0.000000 1.000000
0.069460 0.996636 -0.043505 -10.715817 -0.039234 0.046306 0.998157 80.008690 0.996813 -0.067625 0.042319 -16.524355 0.000000 0.000000 0.000000 1.000000
0.066505 0.996193 -0.056358 -10.262697 -0.049382 0.059700 0.996994 80.371788 0.996563 -0.063522 0.053164 -16.093773 0.000000 0.000000 0.000000 1.000000
0.064108 0.996196 -0.059021 -9.689774 -0.050859 0.062328 0.996759 80.286346 0.996646 -0.060899 0.054661 -15.951834 0.000000 0.000000 0.000000 1.000000
0.055937 0.997075 -0.052086 -8.840368 -0.038161 0.054264 0.997797 79.809875 0.997705 -0.053826 0.041084 -15.824350 0.000000 0.000000 0.000000 1.000000
0.024687 0.998535 -0.048149 -7.855855 -0.013820 0.048500 0.998728 79.248093 0.999600 -0.023991 0.014997 -15.605186 0.000000 0.000000 0.000000 1.000000
-0.012219 0.998467 -0.053981 -6.950387 0.006286 0.054061 0.998518 79.152939 0.999906 0.011862 -0.006937 -15.284830 0.000000 0.000000 0.000000 1.000000
-0.036148 0.997241 -0.064837 -6.097841 0.018863 0.065549 0.997671 79.549255 0.999168 0.034841 -0.021180 -14.889625 0.000000 0.000000 0.000000 1.000000
-0.057145 0.995762 -0.072064 -5.193026 0.023037 0.073477 0.997031 79.959152 0.998100 0.055316 -0.027138 -14.540064 0.000000 0.000000 0.000000 1.000000
-0.082180 0.994005 -0.072112 -4.314572 0.013572 0.073467 0.997205 80.213875 0.996525 0.080972 -0.019528 -14.293627 0.000000 0.000000 0.000000 1.000000
-0.109016 0.991528 -0.070628 -3.477177 0.004186 0.071508 0.997431 80.324898 0.994031 0.108440 -0.011946 -14.101482 0.000000 0.000000 0.000000 1.000000
-0.132079 0.989156 -0.064225 -2.722917 0.008941 0.065979 0.997781 80.134575 0.991199 0.131211 -0.017559 -13.960323 0.000000 0.000000 0.000000 1.000000
-0.154250 0.986487 -0.055231 -2.068180 0.015539 0.058315 0.998177 79.850716 0.987910 0.153111 -0.024324 -13.911085 0.000000 0.000000 0.000000 1.000000
-0.177400 0.982799 -0.051334 -1.468079 0.013348 0.054559 0.998421 79.565094 0.984048 0.176435 -0.022797 -13.732956 0.000000 0.000000 0.000000 1.000000
-0.195320 0.979478 -0.049729 -1.015112 0.007971 0.052289 0.998600 79.469116 0.980707 0.194650 -0.018021 -13.585464 0.000000 0.000000 0.000000 1.000000
-0.210120 0.976685 -0.043995 -0.643507 0.002826 0.045606 0.998955 79.653526 0.977671 0.209777 -0.012343 -13.580341 0.000000 0.000000 0.000000 1.000000
-0.224557 0.973857 -0.034309 -0.365142 -0.002127 0.034719 0.999395 80.001648 0.974459 0.224494 -0.005725 -13.654456 0.000000 0.000000 0.000000 1.000000
-0.235781 0.971481 -0.025123 -0.239404 -0.008890 0.023694 0.999680 80.407570 0.971766 0.235929 0.003050 -13.744684 0.000000 0.000000 0.000000 1.000000
-0.242999 0.969859 -0.018016 -0.182350 -0.015809 0.014610 0.999768 80.966484 0.969898 0.243227 0.011783 -13.774136 0.000000 0.000000 0.000000 1.000000
-0.245636 0.969287 -0.012099 -0.249885 -0.023008 0.006648 0.999713 81.503708 0.969089 0.245844 0.020668 -13.748178 0.000000 0.000000 0.000000 1.000000
-0.242382 0.970159 -0.006452 -0.495269 -0.030843 -0.001058 0.999524 81.866516 0.969690 0.242466 0.030179 -13.733887 0.000000 0.000000 0.000000 1.000000
-0.235132 0.971950 -0.005198 -0.794140 -0.038153 -0.003886 0.999264 82.149132 0.971214 0.235157 0.037997 -13.753885 0.000000 0.000000 0.000000 1.000000
-0.228654 0.973465 -0.009139 -1.181707 -0.044545 -0.001084 0.999007 82.090134 0.972488 0.228834 0.043611 -13.873991 0.000000 0.000000 0.000000 1.000000
-0.220347 0.975267 -0.017345 -1.523380 -0.049403 0.006601 0.998757 81.830727 0.974170 0.220930 0.046727 -14.093472 0.000000 0.000000 0.000000 1.000000
-0.208864 0.977434 -0.031609 -1.893502 -0.048705 0.021885 0.998573 81.409592 0.976731 0.210106 0.043035 -14.387938 0.000000 0.000000 0.000000 1.000000
-0.198589 0.978558 -0.054648 -2.264146 -0.041343 0.047345 0.998023 80.718727 0.979210 0.200456 0.031054 -14.692472 0.000000 0.000000 0.000000 1.000000
-0.190911 0.979035 -0.071011 -2.490027 -0.032262 0.066045 0.997295 80.234970 0.981077 0.192686 0.018977 -14.878004 0.000000 0.000000 0.000000 1.000000
-0.177940 0.980745 -0.080479 -2.645782 -0.033495 0.075700 0.996568 80.190742 0.983471 0.180025 0.019380 -15.028292 0.000000 0.000000 0.000000 1.000000
-0.156298 0.983920 -0.086441 -2.848568 -0.044467 0.080418 0.995769 80.429749 0.986708 0.159480 0.031183 -15.198324 0.000000 0.000000 0.000000 1.000000
-0.134850 0.986173 -0.096323 -3.154204 -0.056279 0.089431 0.994402 80.733788 0.989267 0.139516 0.043441 -15.401514 0.000000 0.000000 0.000000 1.000000
-0.122952 0.986767 -0.105707 -3.423407 -0.059762 0.098960 0.993295 80.761040 0.990612 0.128445 0.046803 -15.652241 0.000000 0.000000 0.000000 1.000000
-0.115328 0.988070 -0.102062 -3.562082 -0.054412 0.096309 0.993863 80.415359 0.991836 0.120173 0.042656 -15.867411 0.000000 0.000000 0.000000 1.000000</float_array><technique_common><accessor source="#root1-Matrix-animation-output-transform-array" count="57" stride="16"><param type="float4x4"/></accessor></technique_common></source><source id="root1-Interpolations"><Name_array id="root1-Interpolations-array" count="57">
 LINEAR LINEAR LINEAR LINEAR LINEAR LINEAR LINEAR LINEAR LINEAR LINEAR LINEAR
LINEAR LINEAR LINEAR LINEAR LINEAR LINEAR LINEAR LINEAR LINEAR LINEAR LINEAR LINEAR
LINEAR LINEAR LINEAR LINEAR LINEAR LINEAR LINEAR LINEAR LINEAR LINEAR LINEAR LINEAR
LINEAR LINEAR LINEAR LINEAR LINEAR LINEAR LINEAR LINEAR LINEAR LINEAR LINEAR LINEAR
LINEAR LINEAR LINEAR LINEAR LINEAR LINEAR LINEAR LINEAR LINEAR LINEAR</Name_array><technique_common><accessor source="#root1-Interpolations-array" count="57"><param type="name"/></accessor></technique_common></source><sampler id="root1-Matrix-animation-transform"><input semantic="INPUT" source="#root1-Matrix-animation-input"/><input semantic="OUTPUT" source="#root1-Matrix-animation-output-transform"/><input semantic="INTERPOLATION" source="#root1-Interpolations"/></sampler><channel source="#root1-Matrix-animation-transform" target="root1/matrix"/></animation>
    <animation id="spine1-anim" name="spine1"><source id="spine1-Matrix-animation-input"><float_array id="spine1-Matrix-animation-input-array" count="57">

0.000000 0.033333 0.066667 0.100000 0.133333 0.166667 0.200000 0.233333 0.266667 0.300000 0.333333 0.366667 0.400000 0.433333 0.466667 0.500000
0.533333 0.566667 0.600000 0.633333 0.666667 0.700000 0.733333 0.766667 0.800000 0.833333 0.866667 0.900000 0.933333 0.966667 1.000000 1.033333
1.066667 1.100000 1.133333 1.166667 1.200000 1.233333 1.266667 1.300000 1.333333 1.366667 1.400000 1.433333 1.466667 1.500000 1.533333 1.566667
1.600000 1.633333 1.666667 1.700000 1.733333 1.766667 1.800000 1.833333 1.866667</float_array><technique_common><accessor source="#spine1-Matrix-animation-input-array" count="57"><param name="TIME" type="float"/></accessor></technique_common></source><source id="spine1-Matrix-animation-output-transform"><float_array id="spine1-Matrix-animation-output-transform-array" count="912">

0.287354 -0.031223 -0.957316 -0.440200 0.151936 0.988300 0.013373 0.000000 0.945697 -0.149293 0.288735 24.819401 0.000000 0.000000 0.000000 1.000000
0.294097 -0.029580 -0.955318 -0.440200 0.148608 0.988780 0.015133 0.000000 0.944152 -0.146419 0.295193 24.819401 0.000000 0.000000 0.000000 1.000000
0.306520 -0.027931 -0.951454 -0.440200 0.145293 0.989229 0.017768 -0.000000 0.940710 -0.143686 0.307276 24.819401 0.000000 0.000000 0.000000 1.000000
0.327656 -0.027688 -0.944391 -0.440200 0.142223 0.989626 0.020330 0.000000 0.934031 -0.140975 0.328195 24.819401 0.000000 0.000000 0.000000 1.000000
0.359202 -0.027617 -0.932851 -0.440200 0.138136 0.990125 0.023878 -0.000000 0.922980 -0.137437 0.359470 24.819401 0.000000 0.000000 0.000000 1.000000
0.401862 -0.025321 -0.915350 -0.440200 0.133735 0.990522 0.031312 0.000000 0.905882 -0.134997 0.401439 24.819401 0.000000 0.000000 0.000000 1.000000
0.453889 -0.021037 -0.890810 -0.440200 0.121652 0.991823 0.038562 0.000000 0.882715 -0.125872 0.452737 24.819401 0.000000 0.000000 0.000000 1.000000
0.494399 -0.015692 -0.869094 -0.440200 0.097716 0.994503 0.037630 0.000000 0.863725 -0.103529 0.493214 24.819401 0.000000 0.000000 0.000000 1.000000
0.511044 -0.017839 -0.859369 -0.440200 0.074270 0.996962 0.023472 0.000000 0.856340 -0.075821 0.510816 24.819401 0.000000 0.000000 0.000000 1.000000
0.502538 -0.032484 -0.863945 -0.440200 0.074361 0.997215 0.005759 0.000000 0.861351 -0.067137 0.503554 24.819401 0.000000 0.000000 0.000000 1.000000
0.509917 -0.026781 -0.859806 -0.440200 0.078328 0.996809 0.015405 -0.000000 0.856650 -0.075202 0.510388 24.819401 0.000000 0.000000 0.000000 1.000000
0.553348 -0.012260 -0.832860 -0.440200 0.082632 0.995767 0.040242 0.000000 0.828841 -0.091089 0.552019 24.819401 0.000000 0.000000 0.000000 1.000000
0.572419 -0.047090 -0.818608 -0.440200 0.107061 0.994095 0.017679 -0.000000 0.812942 -0.097761 0.574080 24.819401 0.000000 0.000000 0.000000 1.000000
0.564031 -0.070484 -0.822740 -0.440200 0.093833 0.995368 -0.020946 -0.000000 0.820405 -0.065387 0.568032 24.819401 0.000000 0.000000 0.000000 1.000000
0.528199 -0.051609 -0.847551 -0.440200 0.060255 0.997913 -0.023214 -0.000000 0.846980 -0.038807 0.530207 24.819401 0.000000 0.000000 0.000000 1.000000
0.502683 -0.034934 -0.863764 -0.440200 0.043717 0.998932 -0.014959 0.000000 0.863364 -0.030241 0.503674 24.819401 0.000000 0.000000 0.000000 1.000000
0.470275 -0.030402 -0.881996 -0.440200 0.051786 0.998635 -0.006810 -0.000000 0.880999 -0.042473 0.471208 24.819401 0.000000 0.000000 0.000000 1.000000
0.411392 -0.003504 -0.911452 -0.440200 0.051734 0.998470 0.019512 -0.000000 0.909989 -0.055180 0.410944 24.819401 0.000000 0.000000 0.000000 1.000000
0.333990 0.020610 -0.942351 -0.440200 0.053837 0.997712 0.040902 0.000000 0.941038 -0.064394 0.332116 24.819401 0.000000 0.000000 0.000000 1.000000
0.285033 0.018733 -0.958335 -0.440200 0.054417 0.997880 0.035691 -0.000000 0.956972 -0.062322 0.283410 24.819401 0.000000 0.000000 0.000000 1.000000
0.304949 0.006064 -0.952349 -0.440200 0.059213 0.997924 0.025314 -0.000000 0.950526 -0.064111 0.303957 24.819401 0.000000 0.000000 0.000000 1.000000
0.297230 -0.001797 -0.954804 -0.440200 0.033642 0.999397 0.008592 0.000000 0.954213 -0.034675 0.297111 24.819401 0.000000 0.000000 0.000000 1.000000
0.240251 0.003483 -0.970705 -0.440200 0.039860 0.999115 0.013450 0.000000 0.969892 -0.041924 0.239900 24.819401 0.000000 0.000000 0.000000 1.000000
0.236089 0.003557 -0.971725 -0.440200 0.067372 0.997527 0.020020 0.000000 0.969393 -0.070193 0.235265 24.819401 0.000000 0.000000 0.000000 1.000000
0.274785 -0.004081 -0.961497 -0.440200 0.060501 0.998083 0.013055 0.000000 0.959600 -0.061758 0.274505 24.819401 0.000000 0.000000 0.000000 1.000000
0.262019 -0.010606 -0.965004 -0.440200 0.046422 0.998921 0.001625 0.000000 0.963945 -0.045224 0.262229 24.819401 0.000000 0.000000 0.000000 1.000000
0.222960 -0.007466 -0.974799 -0.440200 0.058081 0.998296 0.005639 0.000000 0.973096 -0.057874 0.223014 24.819401 0.000000 0.000000 0.000000 1.000000
0.201083 -0.009058 -0.979532 -0.440200 0.073115 0.997307 0.005787 0.000000 0.976842 -0.072782 0.201204 24.819401 0.000000 0.000000 0.000000 1.000000
0.197681 -0.007080 -0.980241 -0.440200 0.073296 0.997281 0.007579 -0.000000 0.977522 -0.073346 0.197662 24.819401 0.000000 0.000000 0.000000 1.000000
0.209633 -0.010299 -0.977726 -0.440200 0.063144 0.998000 0.003026 -0.000000 0.975739 -0.062372 0.209864 24.819401 0.000000 0.000000 0.000000 1.000000
0.231182 -0.031746 -0.972392 -0.440200 0.062063 0.997913 -0.017824 0.000000 0.970929 -0.056229 0.232670 24.819401 0.000000 0.000000 0.000000 1.000000
0.245876 -0.050370 -0.967992 -0.440200 0.076166 0.996565 -0.032511 0.000000 0.966304 -0.065735 0.248868 24.819401 0.000000 0.000000 0.000000 1.000000
0.257059 -0.051181 -0.965039 -0.440200 0.091976 0.995359 -0.028290 -0.000000 0.962009 -0.081488 0.260574 24.819401 0.000000 0.000000 0.000000 1.000000
0.266977 -0.054692 -0.962150 -0.440200 0.100755 0.994501 -0.028573 -0.000000 0.958422 -0.089313 0.271019 24.819401 0.000000 0.000000 0.000000 1.000000
0.270265 -0.064327 -0.960635 -0.440200 0.106570 0.993633 -0.036554 0.000000 0.956870 -0.092496 0.275399 24.819401 0.000000 0.000000 0.000000 1.000000
0.273266 -0.076430 -0.958897 -0.440200 0.114347 0.992352 -0.046510 0.000000 0.955118 -0.096937 0.279915 24.819401 0.000000 0.000000 0.000000 1.000000
0.290397 -0.081733 -0.953409 -0.440200 0.118442 0.991754 -0.048944 0.000000 0.949548 -0.098710 0.297683 24.819401 0.000000 0.000000 0.000000 1.000000
0.312956 -0.084951 -0.945961 -0.440200 0.123187 0.991209 -0.048261 -0.000000 0.941745 -0.101426 0.320670 24.819401 0.000000 0.000000 0.000000 1.000000
0.326577 -0.089158 -0.940956 -0.440200 0.137008 0.989492 -0.046206 0.000000 0.935188 -0.113829 0.335361 24.819401 0.000000 0.000000 0.000000 1.000000
0.338228 -0.091897 -0.936567 -0.440200 0.158210 0.986608 -0.039672 0.000000 0.927670 -0.134756 0.348237 24.819401 0.000000 0.000000 0.000000 1.000000
0.348457 -0.099249 -0.932055 -0.440200 0.174374 0.983884 -0.039577 0.000000 0.920962 -0.148736 0.360148 24.819401 0.000000 0.000000 0.000000 1.000000
0.354875 -0.107166 -0.928751 -0.440200 0.183204 0.982120 -0.043322 0.000000 0.916788 -0.154777 0.368163 24.819401 0.000000 0.000000 0.000000 1.000000
0.357683 -0.112577 -0.927032 -0.440200 0.190286 0.980666 -0.045670 0.000000 0.914250 -0.160066 0.372190 24.819401 0.000000 0.000000 0.000000 1.000000
0.355610 -0.116848 -0.927302 -0.440200 0.199620 0.978756 -0.046780 0.000000 0.913068 -0.168472 0.371380 24.819401 0.000000 0.000000 0.000000 1.000000
0.349182 -0.114017 -0.930093 -0.440200 0.205846 0.977658 -0.042568 0.000000 0.914166 -0.176592 0.364850 24.819401 0.000000 0.000000 0.000000 1.000000
0.341372 -0.106961 -0.933822 -0.440200 0.206202 0.977824 -0.036621 0.000000 0.917031 -0.180055 0.355857 24.819401 0.000000 0.000000 0.000000 1.000000
0.332641 -0.100759 -0.937655 -0.440200 0.206227 0.977983 -0.031932 0.000000 0.920229 -0.182748 0.346096 24.819401 0.000000 0.000000 0.000000 1.000000
0.321899 -0.096729 -0.941820 -0.440200 0.210338 0.977214 -0.028474 0.000000 0.923114 -0.188935 0.334910 24.819401 0.000000 0.000000 0.000000 1.000000
0.315476 -0.092156 -0.944448 -0.440200 0.214163 0.976509 -0.023747 0.000000 0.924451 -0.194774 0.327801 24.819401 0.000000 0.000000 0.000000 1.000000
0.318099 -0.087675 -0.943995 -0.440200 0.221673 0.974992 -0.015857 0.000000 0.921778 -0.204214 0.329579 24.819401 0.000000 0.000000 0.000000 1.000000
0.327467 -0.088254 -0.940732 -0.440200 0.235541 0.971821 -0.009180 0.000000 0.915033 -0.218574 0.339027 24.819401 0.000000 0.000000 0.000000 1.000000
0.332911 -0.091825 -0.938477 -0.440200 0.233602 0.972255 -0.012263 0.000000 0.913565 -0.215148 0.345124 24.819401 0.000000 0.000000 0.000000 1.000000
0.327270 -0.085182 -0.941084 -0.440200 0.215422 0.976428 -0.013466 0.000000 0.920048 -0.198324 0.337906 24.819401 0.000000 0.000000 0.000000 1.000000
0.312858 -0.066265 -0.947485 -0.440200 0.190500 0.981670 -0.005753 -0.000000 0.930499 -0.178696 0.319747 24.819401 0.000000 0.000000 0.000000 1.000000
0.296846 -0.048917 -0.953672 -0.440200 0.177638 0.984084 0.004816 -0.000000 0.938258 -0.170838 0.300811 24.819401 0.000000 0.000000 0.000000 1.000000
0.289155 -0.039890 -0.956451 -0.440200 0.172214 0.984998 0.010983 0.000000 0.941664 -0.167890 0.291687 24.819401 0.000000 0.000000 0.000000 1.000000
0.287352 -0.031222 -0.957316 -0.440200 0.151936 0.988300 0.013373 -0.000000 0.945698 -0.149294 0.288734 24.819401 0.000000 0.000000 0.000000 1.000000</float_array><technique_common><accessor source="#spine1-Matrix-animation-output-transform-array" count="57" stride="16"><param type="float4x4"/></accessor></technique_common></source><source id="spine1-Interpolations"><Name_array id="spine1-Interpolations-array" count="57">
 LINEAR LINEAR LINEAR LINEAR LINEAR LINEAR LINEAR LINEAR LINEAR LINEAR LINEAR
LINEAR LINEAR LINEAR LINEAR LINEAR LINEAR LINEAR LINEAR LINEAR LINEAR LINEAR LINEAR
LINEAR LINEAR LINEAR LINEAR LINEAR LINEAR LINEAR LINEAR LINEAR LINEAR LINEAR LINEAR
LINEAR LINEAR LINEAR LINEAR LINEAR LINEAR LINEAR LINEAR LINEAR LINEAR LINEAR LINEAR
LINEAR LINEAR LINEAR LINEAR LINEAR LINEAR LINEAR LINEAR LINEAR LINEAR</Name_array><technique_common><accessor source="#spine1-Interpolations-array" count="57"><param type="name"/></accessor></technique_common></source><sampler id="spine1-Matrix-animation-transform"><input semantic="INPUT" source="#spine1-Matrix-animation-input"/><input semantic="OUTPUT" source="#spine1-Matrix-animation-output-transform"/><input semantic="INTERPOLATION" source="#spine1-Interpolations"/></sampler><channel source="#spine1-Matrix-animation-transform" target="spine1/matrix"/></animation>
    <animation id="spine2-anim" name="spine2"><source id="spine2-Matrix-animation-input"><float_array id="spine2-Matrix-animation-input-array" count="57">

0.000000 0.033333 0.066667 0.100000 0.133333 0.166667 0.200000 0.233333 0.266667 0.300000 0.333333 0.366667 0.400000 0.433333 0.466667 0.500000
0.533333 0.566667 0.600000 0.633333 0.666667 0.700000 0.733333 0.766667 0.800000 0.833333 0.866667 0.900000 0.933333 0.966667 1.000000 1.033333
1.066667 1.100000 1.133333 1.166667 1.200000 1.233333 1.266667 1.300000 1.333333 1.366667 1.400000 1.433333 1.466667 1.500000 1.533333 1.566667
1.600000 1.633333 1.666667 1.700000 1.733333 1.766667 1.800000 1.833333 1.866667</float_array><technique_common><accessor source="#spine2-Matrix-animation-input-array" count="57"><param name="TIME" type="float"/></accessor></technique_common></source><source id="spine2-Matrix-animation-output-transform"><float_array id="spine2-Matrix-animation-output-transform-array" count="912">

0.978619 0.018814 0.204819 20.544901 -0.015319 0.999709 -0.018634 -0.000000 -0.205110 0.015097 0.978622 0.000000 0.000000 0.000000 0.000000 1.000000
0.978590 0.019535 0.204892 20.544901 -0.016099 0.999701 -0.018425 0.000000 -0.205190 0.014732 0.978611 -0.000000 0.000000 0.000000 0.000000 1.000000
0.978542 0.020512 0.205026 20.544901 -0.017136 0.999687 -0.018226 0.000000 -0.205335 0.014322 0.978587 0.000000 0.000000 0.000000 0.000000 1.000000
0.978441 0.021984 0.205353 20.544901 -0.018588 0.999657 -0.018454 0.000000 -0.205688 0.014239 0.978514 0.000000 0.000000 0.000000 0.000000 1.000000
0.978134 0.023206 0.206677 20.544901 -0.019847 0.999635 -0.018311 0.000000 -0.207027 0.013809 0.978238 0.000000 0.000000 0.000000 0.000000 1.000000
0.977634 0.023653 0.208977 20.544901 -0.020577 0.999646 -0.016883 -0.000000 -0.209302 0.012205 0.977775 0.000000 0.000000 0.000000 0.000000 1.000000
0.976791 0.025014 0.212727 20.544901 -0.022260 0.999635 -0.015334 0.000000 -0.213033 0.010243 0.976991 0.000000 0.000000 0.000000 0.000000 1.000000
0.975779 0.028560 0.216885 20.544901 -0.025842 0.999548 -0.015355 0.000000 -0.217226 0.009378 0.976076 0.000000 0.000000 0.000000 0.000000 1.000000
0.974679 0.034671 0.220907 20.544901 -0.031195 0.999329 -0.019203 -0.000000 -0.221424 0.011826 0.975106 0.000000 0.000000 0.000000 0.000000 1.000000
0.973866 0.040182 0.223543 20.544901 -0.035319 0.999045 -0.025711 -0.000000 -0.224362 0.017144 0.974355 0.000000 0.000000 0.000000 0.000000 1.000000
0.972575 0.040589 0.229021 20.544901 -0.036127 0.999068 -0.023642 -0.000000 -0.229768 0.014720 0.973134 0.000000 0.000000 0.000000 0.000000 1.000000
0.970996 0.033403 0.236753 20.544901 -0.030617 0.999412 -0.015433 0.000000 -0.237129 0.007737 0.971447 -0.000000 0.000000 0.000000 0.000000 1.000000
0.970391 0.029058 0.239784 20.544901 -0.024411 0.999453 -0.022329 0.000000 -0.240301 0.015815 0.970570 0.000000 0.000000 0.000000 0.000000 1.000000
0.971033 0.030848 0.236945 20.544901 -0.024056 0.999214 -0.031504 -0.000000 -0.237731 0.024892 0.971012 0.000000 0.000000 0.000000 0.000000 1.000000
0.974171 0.033677 0.223286 20.544901 -0.027674 0.999168 -0.029960 0.000000 -0.224110 0.023007 0.974292 0.000000 0.000000 0.000000 0.000000 1.000000
0.977412 0.033458 0.208680 20.544901 -0.028659 0.999252 -0.025982 0.000000 -0.209393 0.019414 0.977639 0.000000 0.000000 0.000000 0.000000 1.000000
0.981057 0.032877 0.190907 20.544901 -0.028746 0.999290 -0.024370 0.000000 -0.191573 0.018420 0.981305 -0.000000 0.000000 0.000000 0.000000 1.000000
0.983752 0.031983 0.176661 20.544901 -0.029386 0.999418 -0.017298 0.000000 -0.177112 0.011826 0.984120 0.000000 0.000000 0.000000 0.000000 1.000000
0.983793 0.031440 0.176532 20.544901 -0.029902 0.999488 -0.011363 0.000000 -0.176799 0.005900 0.984229 0.000000 0.000000 0.000000 0.000000 1.000000
0.982392 0.030439 0.184336 20.544901 -0.028732 0.999516 -0.011921 0.000000 -0.184610 0.006415 0.982791 -0.000000 0.000000 0.000000 0.000000 1.000000
0.981698 0.032059 0.187727 20.544901 -0.029573 0.999434 -0.016034 -0.000000 -0.188135 0.010189 0.982090 0.000000 0.000000 0.000000 0.000000 1.000000
0.981643 0.033621 0.187741 20.544901 -0.030545 0.999348 -0.019256 0.000000 -0.188266 0.013168 0.982030 0.000000 0.000000 0.000000 0.000000 1.000000
0.982723 0.032579 0.182193 20.544901 -0.029827 0.999396 -0.017822 0.000000 -0.182663 0.012080 0.983101 0.000000 0.000000 0.000000 0.000000 1.000000
0.982686 0.033623 0.182201 20.544901 -0.030718 0.999352 -0.018742 0.000000 -0.182713 0.012821 0.983083 0.000000 0.000000 0.000000 0.000000 1.000000
0.982373 0.030863 0.184363 20.544901 -0.027880 0.999435 -0.018747 0.000000 -0.184838 0.013277 0.982679 0.000000 0.000000 0.000000 0.000000 1.000000
0.983536 0.032199 0.177823 20.544901 -0.028820 0.999352 -0.021550 0.000000 -0.178402 0.016070 0.983827 -0.000000 0.000000 0.000000 0.000000 1.000000
0.984656 0.032206 0.171510 20.544901 -0.028950 0.999351 -0.021455 0.000000 -0.172090 0.016161 0.984949 0.000000 0.000000 0.000000 0.000000 1.000000
0.984844 0.028527 0.171079 20.544901 -0.025405 0.999469 -0.020406 -0.000000 -0.171571 0.015751 0.985046 0.000000 0.000000 0.000000 0.000000 1.000000
0.984537 0.027364 0.173028 20.544901 -0.024426 0.999519 -0.019087 0.000000 -0.173467 0.014565 0.984732 0.000000 0.000000 0.000000 0.000000 1.000000
0.983904 0.027967 0.176495 20.544901 -0.024839 0.999493 -0.019910 0.000000 -0.176962 0.015206 0.984100 0.000000 0.000000 0.000000 0.000000 1.000000
0.983560 0.029735 0.178118 20.544901 -0.025338 0.999317 -0.026911 0.000000 -0.178797 0.021956 0.983641 0.000000 0.000000 0.000000 0.000000 1.000000
0.983506 0.030111 0.178350 20.544901 -0.024700 0.999167 -0.032486 -0.000000 -0.179179 0.027545 0.983431 0.000000 0.000000 0.000000 0.000000 1.000000
0.982997 0.030246 0.181112 20.544901 -0.024738 0.999162 -0.032598 -0.000000 -0.181946 0.027563 0.982922 0.000000 0.000000 0.000000 0.000000 1.000000
0.981993 0.029265 0.186639 20.544901 -0.023578 0.999190 -0.032618 0.000000 -0.187443 0.027630 0.981887 0.000000 0.000000 0.000000 0.000000 1.000000
0.981052 0.028021 0.191708 20.544901 -0.021821 0.999171 -0.034373 0.000000 -0.192512 0.029539 0.980850 -0.000000 0.000000 0.000000 0.000000 1.000000
0.980373 0.026302 0.195387 20.544901 -0.019502 0.999138 -0.036644 0.000000 -0.196182 0.032114 0.980041 0.000000 0.000000 0.000000 0.000000 1.000000
0.979330 0.025053 0.200711 20.544901 -0.018015 0.999160 -0.036815 0.000000 -0.201464 0.032438 0.978959 0.000000 0.000000 0.000000 0.000000 1.000000
0.978209 0.024164 0.206211 20.544901 -0.017003 0.999192 -0.036428 -0.000000 -0.206924 0.032128 0.977829 0.000000 0.000000 0.000000 0.000000 1.000000
0.977418 0.021947 0.210174 20.544901 -0.014770 0.999255 -0.035656 -0.000000 -0.210800 0.031746 0.977014 0.000000 0.000000 0.000000 0.000000 1.000000
0.976920 0.018809 0.212777 20.544901 -0.011847 0.999353 -0.033948 0.000000 -0.213278 0.030644 0.976511 -0.000000 0.000000 0.000000 0.000000 1.000000
0.976482 0.016867 0.214939 20.544901 -0.009703 0.999363 -0.034345 0.000000 -0.215382 0.031452 0.976023 0.000000 0.000000 0.000000 0.000000 1.000000
0.976285 0.015300 0.215948 20.544901 -0.007818 0.999341 -0.035456 0.000000 -0.216348 0.032927 0.975761 0.000000 0.000000 0.000000 0.000000 1.000000
0.976209 0.014490 0.216348 20.544901 -0.006769 0.999315 -0.036385 0.000000 -0.216727 0.034055 0.975638 0.000000 0.000000 0.000000 0.000000 1.000000
0.976233 0.013235 0.216317 20.544901 -0.005386 0.999307 -0.036834 0.000000 -0.216655 0.034793 0.975628 -0.000000 0.000000 0.000000 0.000000 1.000000
0.976469 0.012357 0.215303 20.544901 -0.004776 0.999351 -0.035694 -0.000000 -0.215605 0.033826 0.975895 0.000000 0.000000 0.000000 0.000000 1.000000
0.976799 0.012271 0.213806 20.544901 -0.005118 0.999410 -0.033975 -0.000000 -0.214097 0.032092 0.976285 0.000000 0.000000 0.000000 0.000000 1.000000
0.977033 0.012219 0.212739 20.544901 -0.005421 0.999457 -0.032509 0.000000 -0.213021 0.030610 0.976568 0.000000 0.000000 0.000000 0.000000 1.000000
0.977224 0.012164 0.211862 20.544901 -0.005580 0.999484 -0.031648 0.000000 -0.212138 0.029745 0.976787 0.000000 0.000000 0.000000 0.000000 1.000000
0.977355 0.012181 0.211257 20.544901 -0.005848 0.999515 -0.030578 -0.000000 -0.211527 0.028650 0.976952 0.000000 0.000000 0.000000 0.000000 1.000000
0.977090 0.011818 0.212499 20.544901 -0.005827 0.999568 -0.028796 0.000000 -0.212748 0.026898 0.976737 0.000000 0.000000 0.000000 0.000000 1.000000
0.976482 0.009615 0.215382 20.544901 -0.003900 0.999629 -0.026942 0.000000 -0.215562 0.025468 0.976158 0.000000 0.000000 0.000000 0.000000 1.000000
0.975883 0.007539 0.218163 20.544901 -0.001823 0.999650 -0.026391 0.000000 -0.218285 0.025357 0.975556 0.000000 0.000000 0.000000 0.000000 1.000000
0.976051 0.008374 0.217382 20.544901 -0.002887 0.999669 -0.025546 0.000000 -0.217524 0.024307 0.975752 0.000000 0.000000 0.000000 0.000000 1.000000
0.977051 0.012098 0.212661 20.544901 -0.007284 0.999699 -0.023407 0.000000 -0.212880 0.021321 0.976846 0.000000 0.000000 0.000000 0.000000 1.000000
0.978070 0.014900 0.207742 20.544901 -0.010775 0.999722 -0.020976 -0.000000 -0.207997 0.018277 0.977959 0.000000 0.000000 0.000000 0.000000 1.000000
0.978632 0.016097 0.204990 20.544901 -0.012349 0.999733 -0.019552 0.000000 -0.205250 0.016603 0.978569 0.000000 0.000000 0.000000 0.000000 1.000000
0.978631 0.018813 0.204760 20.544901 -0.015320 0.999709 -0.018634 0.000000 -0.205051 0.015099 0.978635 0.000000 0.000000 0.000000 0.000000 1.000000</float_array><technique_common><accessor source="#spine2-Matrix-animation-output-transform-array" count="57" stride="16"><param type="float4x4"/></accessor></technique_common></source><source id="spine2-Interpolations"><Name_array id="spine2-Interpolations-array" count="57">
 LINEAR LINEAR LINEAR LINEAR LINEAR LINEAR LINEAR LINEAR LINEAR LINEAR LINEAR
LINEAR LINEAR LINEAR LINEAR LINEAR LINEAR LINEAR LINEAR LINEAR LINEAR LINEAR LINEAR
LINEAR LINEAR LINEAR LINEAR LINEAR LINEAR LINEAR LINEAR LINEAR LINEAR LINEAR LINEAR
LINEAR LINEAR LINEAR LINEAR LINEAR LINEAR LINEAR LINEAR LINEAR LINEAR LINEAR LINEAR
LINEAR LINEAR LINEAR LINEAR LINEAR LINEAR LINEAR LINEAR LINEAR LINEAR</Name_array><technique_common><accessor source="#spine2-Interpolations-array" count="57"><param type="name"/></accessor></technique_common></source><sampler id="spine2-Matrix-animation-transform"><input semantic="INPUT" source="#spine2-Matrix-animation-input"/><input semantic="OUTPUT" source="#spine2-Matrix-animation-output-transform"/><input semantic="INTERPOLATION" source="#spine2-Interpolations"/></sampler><channel source="#spine2-Matrix-animation-transform" target="spine2/matrix"/></animation>
    <animation id="spine3-anim" name="spine3"><source id="spine3-Matrix-animation-input"><float_array id="spine3-Matrix-animation-input-array" count="57">

0.000000 0.033333 0.066667 0.100000 0.133333 0.166667 0.200000 0.233333 0.266667 0.300000 0.333333 0.366667 0.400000 0.433333 0.466667 0.500000
0.533333 0.566667 0.600000 0.633333 0.666667 0.700000 0.733333 0.766667 0.800000 0.833333 0.866667 0.900000 0.933333 0.966667 1.000000 1.033333
1.066667 1.100000 1.133333 1.166667 1.200000 1.233333 1.266667 1.300000 1.333333 1.366667 1.400000 1.433333 1.466667 1.500000 1.533333 1.566667
1.600000 1.633333 1.666667 1.700000 1.733333 1.766667 1.800000 1.833333 1.866667</float_array><technique_common><accessor source="#spine3-Matrix-animation-input-array" count="57"><param name="TIME" type="float"/></accessor></technique_common></source><source id="spine3-Matrix-animation-output-transform"><float_array id="spine3-Matrix-animation-output-transform-array" count="912">

0.981451 -0.024039 0.190201 17.955099 0.020299 0.999561 0.021587 0.000000 -0.190637 -0.017326 0.981508 0.000000 0.000000 0.000000 0.000000 1.000000
0.981457 -0.023237 0.190268 17.955099 0.019485 0.999578 0.021563 0.000000 -0.190688 -0.017456 0.981495 0.000000 0.000000 0.000000 0.000000 1.000000
0.981456 -0.022176 0.190399 17.955099 0.018423 0.999600 0.021457 0.000000 -0.190799 -0.017552 0.981472 -0.000000 0.000000 0.000000 0.000000 1.000000
0.981412 -0.020730 0.190788 17.955099 0.017063 0.999637 0.020843 -0.000000 -0.191150 -0.017200 0.981410 -0.000000 0.000000 0.000000 0.000000 1.000000
0.981169 -0.019466 0.192168 17.955099 0.015794 0.999663 0.020623 0.000000 -0.192505 -0.017199 0.981145 0.000000 0.000000 0.000000 0.000000 1.000000
0.980723 -0.018662 0.194508 17.955099 0.014711 0.999656 0.021734 0.000000 -0.194846 -0.018454 0.980660 -0.000000 0.000000 0.000000 0.000000 1.000000
0.979988 -0.016915 0.198338 17.955099 0.012664 0.999663 0.022680 0.000000 -0.198655 -0.019715 0.979871 -0.000000 0.000000 0.000000 0.000000 1.000000
0.979163 -0.013362 0.202638 17.955099 0.009165 0.999724 0.021634 0.000000 -0.202871 -0.019326 0.979015 0.000000 0.000000 0.000000 0.000000 1.000000
0.978339 -0.008200 0.206846 17.955099 0.004869 0.999850 0.016606 0.000000 -0.206951 -0.015240 0.978233 0.000000 0.000000 0.000000 0.000000 1.000000
0.977766 -0.004335 0.209653 17.955099 0.002384 0.999951 0.009558 0.000000 -0.209684 -0.008845 0.977729 -0.000000 0.000000 0.000000 0.000000 1.000000
0.976573 -0.003333 0.215159 17.955099 0.000923 0.999936 0.011300 0.000000 -0.215183 -0.010837 0.976514 -0.000000 0.000000 0.000000 0.000000 1.000000
0.974845 -0.008667 0.222717 17.955099 0.004262 0.999786 0.020252 -0.000000 -0.222844 -0.018794 0.974673 0.000000 0.000000 0.000000 0.000000 1.000000
0.974103 -0.015558 0.225568 17.955099 0.012349 0.999802 0.015630 -0.000000 -0.225767 -0.012440 0.974102 0.000000 0.000000 0.000000 0.000000 1.000000
0.974724 -0.016634 0.222794 17.955099 0.015432 0.999855 0.007134 -0.000000 -0.222881 -0.003515 0.974839 0.000000 0.000000 0.000000 0.000000 1.000000
0.977789 -0.012908 0.209194 17.955099 0.011631 0.999905 0.007331 -0.000000 -0.209268 -0.004735 0.977847 0.000000 0.000000 0.000000 0.000000 1.000000
0.980829 -0.011556 0.194525 17.955099 0.009663 0.999896 0.010677 0.000000 -0.194628 -0.008592 0.980839 0.000000 0.000000 0.000000 0.000000 1.000000
0.984204 -0.011092 0.176689 17.955099 0.009074 0.999884 0.012228 0.000000 -0.176804 -0.010431 0.984191 0.000000 0.000000 0.000000 0.000000 1.000000
0.986677 -0.009603 0.162405 17.955099 0.006639 0.999802 0.018783 0.000000 -0.162553 -0.017454 0.986545 0.000000 0.000000 0.000000 0.000000 1.000000
0.986702 -0.008474 0.162321 17.955099 0.004585 0.999694 0.024317 0.000000 -0.162478 -0.023250 0.986438 0.000000 0.000000 0.000000 0.000000 1.000000
0.985375 -0.009810 0.170119 17.955099 0.005794 0.999693 0.024085 -0.000000 -0.170303 -0.022747 0.985129 -0.000000 0.000000 0.000000 0.000000 1.000000
0.984784 -0.009379 0.173531 17.955099 0.006003 0.999783 0.019968 0.000000 -0.173681 -0.018622 0.984626 0.000000 0.000000 0.000000 0.000000 1.000000
0.984782 -0.008758 0.173574 17.955099 0.005967 0.999844 0.016594 0.000000 -0.173692 -0.015306 0.984681 0.000000 0.000000 0.000000 0.000000 1.000000
0.985745 -0.009234 0.167993 17.955099 0.006264 0.999815 0.018201 0.000000 -0.168130 -0.016889 0.985620 0.000000 0.000000 0.000000 0.000000 1.000000
0.985746 -0.008382 0.168031 17.955099 0.005579 0.999837 0.017145 -0.000000 -0.168147 -0.015963 0.985633 -0.000000 0.000000 0.000000 0.000000 1.000000
0.985362 -0.011287 0.170100 17.955099 0.008369 0.999805 0.017859 0.000000 -0.170269 -0.016174 0.985265 0.000000 0.000000 0.000000 0.000000 1.000000
0.986475 -0.010544 0.163572 17.955099 0.008208 0.999855 0.014953 0.000000 -0.163706 -0.013408 0.986418 0.000000 0.000000 0.000000 0.000000 1.000000
0.987505 -0.010308 0.157249 17.955099 0.008042 0.999855 0.015043 0.000000 -0.157381 -0.013590 0.987444 -0.000000 0.000000 0.000000 0.000000 1.000000
0.987553 -0.013723 0.156687 17.955099 0.011198 0.999793 0.016992 0.000000 -0.156888 -0.015026 0.987502 0.000000 0.000000 0.000000 0.000000 1.000000
0.987234 -0.014575 0.158608 17.955099 0.011783 0.999759 0.018527 -0.000000 -0.158840 -0.016421 0.987168 0.000000 0.000000 0.000000 0.000000 1.000000
0.986671 -0.014301 0.162097 17.955099 0.011596 0.999777 0.017623 -0.000000 -0.162313 -0.015508 0.986617 0.000000 0.000000 0.000000 0.000000 1.000000
0.986396 -0.014579 0.163738 17.955099 0.012989 0.999858 0.010773 0.000000 -0.163872 -0.008500 0.986445 0.000000 0.000000 0.000000 0.000000 1.000000
0.986338 -0.015808 0.163972 17.955099 0.015092 0.999870 0.005612 0.000000 -0.164039 -0.003061 0.986449 0.000000 0.000000 0.000000 0.000000 1.000000
0.985873 -0.015780 0.166749 17.955099 0.015069 0.999871 0.005532 0.000000 -0.166814 -0.002942 0.985984 0.000000 0.000000 0.000000 0.000000 1.000000
0.984908 -0.016959 0.172246 17.955099 0.016189 0.999852 0.005877 0.000000 -0.172320 -0.003000 0.985036 0.000000 0.000000 0.000000 0.000000 1.000000
0.983981 -0.018907 0.177271 17.955099 0.018359 0.999820 0.004729 0.000000 -0.177328 -0.001398 0.984151 0.000000 0.000000 0.000000 0.000000 1.000000
0.983271 -0.021455 0.180880 17.955099 0.021219 0.999770 0.003241 0.000000 -0.180908 0.000652 0.983500 0.000000 0.000000 0.000000 0.000000 1.000000
0.982252 -0.022973 0.186153 17.955099 0.022708 0.999736 0.003556 0.000000 -0.186185 0.000734 0.982514 0.000000 0.000000 0.000000 0.000000 1.000000
0.981177 -0.023962 0.191620 17.955099 0.023579 0.999713 0.004279 0.000000 -0.191667 0.000319 0.981460 0.000000 0.000000 0.000000 0.000000 1.000000
0.980358 -0.026135 0.195487 17.955099 0.025515 0.999658 0.005690 0.000000 -0.195569 -0.000591 0.980690 0.000000 0.000000 0.000000 0.000000 1.000000
0.979787 -0.028906 0.197944 17.955099 0.027837 0.999579 0.008181 0.000000 -0.198097 -0.002505 0.980179 0.000000 0.000000 0.000000 0.000000 1.000000
0.979302 -0.031063 0.200005 17.955099 0.029974 0.999515 0.008471 0.000000 -0.200171 -0.002300 0.979758 0.000000 0.000000 0.000000 0.000000 1.000000
0.979051 -0.033038 0.200918 17.955099 0.032090 0.999453 0.007970 -0.000000 -0.201071 -0.001356 0.979576 0.000000 0.000000 0.000000 0.000000 1.000000
0.978943 -0.034139 0.201260 17.955099 0.033330 0.999417 0.007408 0.000000 -0.201396 -0.000544 0.979510 -0.000000 0.000000 0.000000 0.000000 1.000000
