<?xml version="1.0" encoding="utf-8"?>
<COLLADA xmlns="http://www.collada.org/2005/11/COLLADASchema" version="1.4.1">
  <asset><contributor><author>Mixamo</author><authoring_tool>COLLADA Mixamo exporter</authoring_tool><comments></comments></contributor><created>2020-11-14T22:59:53Z</created><modified>2020-11-14T22:59:53Z</modified><revision></revision><title></title><unit meter="0.010000"/><up_axis>Y_UP</up_axis></asset>
  <library_animations>
    <animation id="mixamorig_Hips-anim" name="mixamorig_Hips"><source id="mixamorig_Hips-Matrix-animation-input"><float_array id="mixamorig_Hips-Matrix-animation-input-array" count="57">

0.000000 0.033333 0.066667 0.100000 0.133333 0.166667 0.200000 0.233333 0.266667 0.300000 0.333333 0.366667 0.400000 0.433333 0.466667 0.500000
0.533333 0.566667 0.600000 0.633333 0.666667 0.700000 0.733333 0.766667 0.800000 0.833333 0.866667 0.900000 0.933333 0.966667 1.000000 1.033333
1.066667 1.100000 1.133333 1.166667 1.200000 1.233333 1.266667 1.300000 1.333333 1.366667 1.400000 1.433333 1.466667 1.500000 1.533333 1.566667
1.600000 1.633333 1.666667 1.700000 1.733333 1.766667 1.800000 1.833333 1.866667</float_array><technique_common><accessor source="#mixamorig_Hips-Matrix-animation-input-array" count="57"><param name="TIME" type="float"/></accessor></technique_common></source><source id="mixamorig_Hips-Matrix-animation-output-transform"><float_array id="mixamorig_Hips-Matrix-animation-output-transform-array" count="912">

0.730764 0.051745 -0.680666 0.034306 0.001626 0.996988 0.077538 44.158211 0.682628 -0.057768 0.728479 -0.429892 0.000000 0.000000 0.000000 1.000000
0.729776 0.043179 -0.682322 0.240961 -0.002093 0.998140 0.060926 44.114285 0.683683 -0.043034 0.728509 -0.484761 0.000000 0.000000 0.000000 1.000000
0.721617 0.015501 -0.692119 0.891827 -0.002530 0.999802 0.019754 43.660118 0.692288 -0.012504 0.721513 -0.703897 0.000000 0.000000 0.000000 1.000000
0.697972 -0.030674 -0.715468 1.837547 -0.010170 0.998557 -0.052732 42.599293 0.716053 0.044082 0.696653 -1.032689 0.000000 0.000000 0.000000 1.000000
0.665689 -0.086783 -0.741166 2.994236 -0.028315 0.989562 -0.141299 40.788044 0.745692 0.115048 0.656283 -1.438273 0.000000 0.000000 0.000000 1.000000
0.628917 -0.143339 -0.764145 4.205177 -0.056562 0.971818 -0.228847 38.200172 0.775412 0.187147 0.603086 -1.881353 0.000000 0.000000 0.000000 1.000000
0.602336 -0.195392 -0.773960 5.268020 -0.079774 0.949991 -0.301916 34.977814 0.794246 0.243597 0.556626 -2.276695 0.000000 0.000000 0.000000 1.000000
0.597669 -0.234473 -0.766690 6.112235 -0.065976 0.938652 -0.338495 31.556765 0.799024 0.252891 0.545534 -2.491084 0.000000 0.000000 0.000000 1.000000
0.596468 -0.256552 -0.760531 6.535626 -0.027766 0.940378 -0.338996 28.637903 0.802156 0.223318 0.553782 -2.471111 0.000000 0.000000 0.000000 1.000000
0.599615 -0.236143 -0.764655 6.485381 -0.005098 0.954328 -0.298717 26.849255 0.800272 0.183013 0.571026 -2.371682 0.000000 0.000000 0.000000 1.000000
0.619024 -0.167319 -0.767342 5.979486 0.003581 0.977634 -0.210285 26.361031 0.785364 0.127423 0.605777 -2.262058 0.000000 0.000000 0.000000 1.000000
0.647461 -0.098410 -0.755718 4.935921 0.013692 0.992970 -0.117574 27.463415 0.761976 0.065777 0.644257 -2.214951 0.000000 0.000000 0.000000 1.000000
0.690843 -0.044918 -0.721608 3.537576 0.021615 0.998905 -0.041486 30.055279 0.722681 0.013063 0.691058 -2.390459 0.000000 0.000000 0.000000 1.000000
0.732704 0.014548 -0.680392 1.896811 0.021099 0.998805 0.044077 33.824230 0.680221 -0.046651 0.731521 -2.533677 0.000000 0.000000 0.000000 1.000000
0.764025 0.070238 -0.641351 -0.052904 0.036226 0.987818 0.151336 38.770969 0.644168 -0.138858 0.752174 -2.212721 0.000000 0.000000 0.000000 1.000000
0.779153 0.094508 -0.619669 -2.148398 0.053847 0.974823 0.216379 44.705547 0.624517 -0.201959 0.754447 -1.576927 0.000000 0.000000 0.000000 1.000000
0.764541 0.083735 -0.639113 -3.867785 0.067986 0.975520 0.209138 49.862606 0.640980 -0.203346 0.740132 -1.299359 0.000000 0.000000 0.000000 1.000000
0.770759 0.032399 -0.636302 -3.977621 0.103690 0.979013 0.175450 55.936321 0.628632 -0.201208 0.751224 -1.422605 0.000000 0.000000 0.000000 1.000000
0.782089 -0.040773 -0.621831 -3.176711 0.146913 0.981794 0.120400 61.304138 0.605601 -0.185519 0.773841 -1.886705 0.000000 0.000000 0.000000 1.000000
0.769388 -0.122259 -0.626972 -2.056894 0.181864 0.982818 0.031525 65.747231 0.612346 -0.138278 0.778404 -2.455965 0.000000 0.000000 0.000000 1.000000
0.758849 -0.182192 -0.625263 -1.351987 0.226691 0.973928 -0.008665 69.162628 0.610540 -0.135166 0.780366 -3.124676 0.000000 0.000000 0.000000 1.000000
0.752148 -0.180924 -0.633672 -1.125462 0.239757 0.970805 0.007404 71.620369 0.613833 -0.157496 0.773566 -3.761069 0.000000 0.000000 0.000000 1.000000
0.759003 -0.134594 -0.637024 -1.219905 0.242301 0.966515 0.084487 72.949165 0.604322 -0.218478 0.766200 -4.146358 0.000000 0.000000 0.000000 1.000000
0.779070 -0.087434 -0.620810 -1.647853 0.258154 0.947121 0.190573 73.021774 0.571320 -0.308734 0.760445 -4.295419 0.000000 0.000000 0.000000 1.000000
0.804887 -0.038370 -0.592187 -2.135536 0.251601 0.925842 0.281982 72.063026 0.537452 -0.375959 0.754852 -4.308612 0.000000 0.000000 0.000000 1.000000
0.824135 -0.013785 -0.566226 -2.376073 0.229120 0.922370 0.311026 70.734444 0.517982 -0.386061 0.763316 -4.293073 0.000000 0.000000 0.000000 1.000000
0.837976 -0.021041 -0.545301 -2.326384 0.214041 0.931857 0.292965 69.301865 0.501978 -0.362215 0.785378 -4.020931 0.000000 0.000000 0.000000 1.000000
0.848487 -0.047575 -0.527073 -2.126380 0.203651 0.948609 0.242215 67.632614 0.488463 -0.312855 0.814571 -3.497413 0.000000 0.000000 0.000000 1.000000
0.856791 -0.079172 -0.509550 -1.963010 0.189647 0.967269 0.168593 65.638138 0.479524 -0.241084 0.843762 -2.764256 0.000000 0.000000 0.000000 1.000000
0.867763 -0.096968 -0.487427 -1.931582 0.157182 0.983984 0.084077 62.741215 0.471468 -0.149574 0.869106 -1.651665 0.000000 0.000000 0.000000 1.000000
0.893871 -0.094827 -0.438181 -2.019171 0.120460 0.992234 0.031004 58.713596 0.431838 -0.080497 0.898352 -0.146270 0.000000 0.000000 0.000000 1.000000
0.928090 -0.076155 -0.364486 -2.152164 0.089609 0.995774 0.020118 53.791714 0.361414 -0.051333 0.930992 1.343606 0.000000 0.000000 0.000000 1.000000
0.953887 -0.037555 -0.297808 -2.200266 0.050216 0.998126 0.034975 47.962532 0.295937 -0.048317 0.953985 2.440664 0.000000 0.000000 0.000000 1.000000
0.973828 -0.034532 -0.224649 -2.374295 0.032655 0.999394 -0.012066 42.059280 0.224929 0.004414 0.974365 2.536878 0.000000 0.000000 0.000000 1.000000
0.979042 -0.090567 -0.182413 -2.362301 0.073730 0.992543 -0.097070 36.963688 0.189844 0.081586 0.978419 1.951780 0.000000 0.000000 0.000000 1.000000
0.962468 -0.174146 -0.208156 -1.877476 0.139775 0.975510 -0.169836 33.661545 0.232635 0.134366 0.963238 1.593727 0.000000 0.000000 0.000000 1.000000
0.941374 -0.252407 -0.223844 -1.239144 0.197352 0.950141 -0.241419 31.514076 0.273620 0.183090 0.944251 1.231179 0.000000 0.000000 0.000000 1.000000
0.924520 -0.292245 -0.244655 -0.573879 0.223301 0.935537 -0.273692 29.976173 0.308869 0.198402 0.930181 0.893082 0.000000 0.000000 0.000000 1.000000
0.904029 -0.316447 -0.287390 -0.017575 0.233547 0.928725 -0.287968 29.079868 0.358033 0.193212 0.913500 0.646340 0.000000 0.000000 0.000000 1.000000
0.884987 -0.332316 -0.326137 0.358428 0.237102 0.924461 -0.298588 28.860744 0.400726 0.186918 0.896928 0.518691 0.000000 0.000000 0.000000 1.000000
0.875319 -0.319993 -0.362521 0.527332 0.222504 0.932169 -0.285573 29.345978 0.429312 0.169305 0.887145 0.429931 0.000000 0.000000 0.000000 1.000000
0.867518 -0.293682 -0.401452 0.508902 0.199350 0.944718 -0.260322 30.539618 0.455711 0.145805 0.878105 0.333232 0.000000 0.000000 0.000000 1.000000
0.862849 -0.262481 -0.431967 0.329954 0.168638 0.955123 -0.243519 32.281403 0.476500 0.137274 0.868391 0.260034 0.000000 0.000000 0.000000 1.000000
0.857047 -0.224299 -0.463853 0.087057 0.133706 0.966249 -0.220192 34.343964 0.497587 0.126695 0.858112 0.171453 0.000000 0.000000 0.000000 1.000000
0.843086 -0.191691 -0.502454 -0.086566 0.107912 0.975614 -0.191136 36.551071 0.526840 0.106923 0.843212 0.051997 0.000000 0.000000 0.000000 1.000000
0.826761 -0.161359 -0.538915 -0.168615 0.083994 0.982650 -0.165363 38.698448 0.556247 0.091450 0.825970 -0.068824 0.000000 0.000000 0.000000 1.000000
0.810296 -0.128759 -0.571700 -0.191143 0.060422 0.988721 -0.137042 40.584427 0.582897 0.076501 0.808936 -0.181803 0.000000 0.000000 0.000000 1.000000
0.792518 -0.096777 -0.602121 -0.209707 0.042012 0.993647 -0.104409 42.063198 0.608400 0.057450 0.791549 -0.254468 0.000000 0.000000 0.000000 1.000000
0.775133 -0.062368 -0.628712 -0.215164 0.025274 0.997380 -0.067780 43.079479 0.631292 0.036648 0.774679 -0.318392 0.000000 0.000000 0.000000 1.000000
0.760021 -0.028090 -0.649291 -0.184319 0.012504 0.999513 -0.028606 43.701382 0.649778 0.013622 0.760002 -0.389690 0.000000 0.000000 0.000000 1.000000
0.746632 0.001269 -0.665236 -0.122867 0.006447 0.999937 0.009143 44.008434 0.665206 -0.011115 0.746577 -0.435212 0.000000 0.000000 0.000000 1.000000
0.740042 0.016315 -0.672362 -0.079814 0.004747 0.999554 0.029480 44.092773 0.672544 -0.025008 0.739635 -0.448068 0.000000 0.000000 0.000000 1.000000
0.736515 0.025256 -0.675949 -0.051251 0.003963 0.999124 0.041649 44.125153 0.676409 -0.033354 0.735770 -0.452711 0.000000 0.000000 0.000000 1.000000
0.734360 0.031618 -0.678023 -0.029456 0.003469 0.998727 0.050330 44.139610 0.678751 -0.039313 0.733315 -0.454011 0.000000 0.000000 0.000000 1.000000
0.731948 0.040107 -0.680179 0.000252 0.002814 0.998080 0.061881 44.152184 0.681355 -0.047208 0.730429 -0.452600 0.000000 0.000000 0.000000 1.000000
0.730972 0.044935 -0.680926 0.016518 0.002379 0.997656 0.068390 44.155910 0.682403 -0.051611 0.729151 -0.448742 0.000000 0.000000 0.000000 1.000000
0.730719 0.049409 -0.680888 0.028698 0.001899 0.997226 0.074403 44.157581 0.682676 -0.055661 0.728599 -0.437412 0.000000 0.000000 0.000000 1.000000</float_array><technique_common><accessor source="#mixamorig_Hips-Matrix-animation-output-transform-array" count="57" stride="16"><param type="float4x4"/></accessor></technique_common></source><source id="mixamorig_Hips-Interpolations"><Name_array id="mixamorig_Hips-Interpolations-array" count="57">
 LINEAR LINEAR LINEAR LINEAR LINEAR LINEAR LINEAR LINEAR LINEAR LINEAR LINEAR
LINEAR LINEAR LINEAR LINEAR LINEAR LINEAR LINEAR LINEAR LINEAR LINEAR LINEAR LINEAR
LINEAR LINEAR LINEAR LINEAR LINEAR LINEAR LINEAR LINEAR LINEAR LINEAR LINEAR LINEAR
LINEAR LINEAR LINEAR LINEAR LINEAR LINEAR LINEAR LINEAR LINEAR LINEAR LINEAR LINEAR
LINEAR LINEAR LINEAR LINEAR LINEAR LINEAR LINEAR LINEAR LINEAR LINEAR</Name_array><technique_common><accessor source="#mixamorig_Hips-Interpolations-array" count="57"><param type="name"/></accessor></technique_common></source><sampler id="mixamorig_Hips-Matrix-animation-transform"><input semantic="INPUT" source="#mixamorig_Hips-Matrix-animation-input"/><input semantic="OUTPUT" source="#mixamorig_Hips-Matrix-animation-output-transform"/><input semantic="INTERPOLATION" source="#mixamorig_Hips-Interpolations"/></sampler><channel source="#mixamorig_Hips-Matrix-animation-transform" target="mixamorig_Hips/matrix"/></animation>
    <animation id="mixamorig_Spine-anim" name="mixamorig_Spine"><source id="mixamorig_Spine-Matrix-animation-input"><float_array id="mixamorig_Spine-Matrix-animation-input-array" count="57">

0.000000 0.033333 0.066667 0.100000 0.133333 0.166667 0.200000 0.233333 0.266667 0.300000 0.333333 0.366667 0.400000 0.433333 0.466667 0.500000
0.533333 0.566667 0.600000 0.633333 0.666667 0.700000 0.733333 0.766667 0.800000 0.833333 0.866667 0.900000 0.933333 0.966667 1.000000 1.033333
1.066667 1.100000 1.133333 1.166667 1.200000 1.233333 1.266667 1.300000 1.333333 1.366667 1.400000 1.433333 1.466667 1.500000 1.533333 1.566667
1.600000 1.633333 1.666667 1.700000 1.733333 1.766667 1.800000 1.833333 1.866667</float_array><technique_common><accessor source="#mixamorig_Spine-Matrix-animation-input-array" count="57"><param name="TIME" type="float"/></accessor></technique_common></source><source id="mixamorig_Spine-Matrix-animation-output-transform"><float_array id="mixamorig_Spine-Matrix-animation-output-transform-array" count="912">

0.996693 0.019978 0.078762 -0.000000 -0.012615 0.995595 -0.092903 3.788100 -0.080271 0.091602 0.992555 -0.032000 0.000000 0.000000 0.000000 1.000000
0.997120 0.019804 0.073212 -0.000000 -0.012943 0.995579 -0.093030 3.788100 -0.074731 0.091815 0.992968 -0.032000 0.000000 0.000000 0.000000 1.000000
0.997707 0.018903 0.064992 -0.000000 -0.012643 0.995357 -0.095419 3.788100 -0.066494 0.094379 0.993313 -0.032000 0.000000 0.000000 0.000000 1.000000
0.998112 0.017022 0.059011 -0.000000 -0.011167 0.995107 -0.098167 3.788100 -0.060393 0.097323 0.993419 -0.032000 0.000000 0.000000 0.000000 1.000000
0.998472 0.012890 0.053744 0.000000 -0.007291 0.994644 -0.103106 3.788100 -0.054785 0.102557 0.993217 -0.032000 0.000000 0.000000 0.000000 1.000000
0.998879 0.007697 0.046712 0.000000 -0.002506 0.993908 -0.110187 3.788100 -0.047275 0.109947 0.992813 -0.032000 0.000000 0.000000 0.000000 1.000000
0.999380 0.002975 0.035089 0.000000 0.001215 0.992919 -0.118790 3.788100 -0.035194 0.118759 0.992299 -0.032000 0.000000 0.000000 0.000000 1.000000
0.999773 0.000731 0.021277 0.000000 0.002073 0.991321 -0.131448 3.788100 -0.021188 0.131462 0.991095 -0.032000 0.000000 0.000000 0.000000 1.000000
0.999919 0.002892 0.012391 -0.000000 -0.001109 0.989929 -0.141562 3.788100 -0.012676 0.141537 0.989852 -0.032000 0.000000 0.000000 0.000000 1.000000
0.999956 0.004351 0.008254 0.000000 -0.003093 0.989162 -0.146797 3.788100 -0.008803 0.146765 0.989132 -0.032000 0.000000 0.000000 0.000000 1.000000
0.999979 0.001595 0.006309 0.000000 -0.000624 0.988519 -0.151093 3.788100 -0.006477 0.151086 0.988499 -0.032000 0.000000 0.000000 0.000000 1.000000
0.999937 0.001093 0.011216 0.000000 0.000546 0.989418 -0.145093 3.788100 -0.011256 0.145090 0.989354 -0.032000 0.000000 0.000000 0.000000 1.000000
0.999913 0.001127 0.013132 -0.000000 0.000588 0.991531 -0.129873 3.788100 -0.013167 0.129869 0.991444 -0.032000 0.000000 0.000000 0.000000 1.000000
0.999916 -0.001312 0.012892 0.000000 0.002848 0.992785 -0.119870 3.788100 -0.012641 0.119897 0.992706 -0.032000 0.000000 0.000000 0.000000 1.000000
0.999813 0.003421 0.019035 0.000000 -0.001239 0.993541 -0.113464 3.788100 -0.019301 0.113419 0.993360 -0.032000 0.000000 0.000000 0.000000 1.000000
0.999569 0.012922 0.026367 0.000000 -0.010329 0.995310 -0.096187 3.788100 -0.027486 0.095873 0.995014 -0.032000 0.000000 0.000000 0.000000 1.000000
0.999229 0.022528 0.032163 -0.000000 -0.019905 0.996621 -0.079691 3.788100 -0.033849 0.078989 0.996301 -0.032000 0.000000 0.000000 0.000000 1.000000
0.998912 0.030500 0.035283 0.000000 -0.027539 0.996288 -0.081558 3.788100 -0.037640 0.080498 0.996044 -0.032000 0.000000 0.000000 0.000000 1.000000
0.998598 0.039978 0.034707 -0.000000 -0.036619 0.995034 -0.092552 3.788100 -0.038235 0.091151 0.995103 -0.032000 0.000000 0.000000 0.000000 1.000000
0.998391 0.048374 0.029593 0.000000 -0.045012 0.993421 -0.105305 3.788100 -0.034492 0.103803 0.994000 -0.032000 0.000000 0.000000 0.000000 1.000000
0.998047 0.059647 0.018543 0.000000 -0.056927 0.990776 -0.122970 3.788100 -0.025707 0.121674 0.992237 -0.032000 0.000000 0.000000 0.000000 1.000000
0.997819 0.065743 0.005957 0.000000 -0.064141 0.986913 -0.147947 3.788100 -0.015605 0.147242 0.988977 -0.032000 0.000000 0.000000 0.000000 1.000000
0.997557 0.069847 -0.001348 0.000000 -0.068908 0.980616 -0.183420 3.788100 -0.011489 0.183065 0.983034 -0.032000 0.000000 0.000000 0.000000 1.000000
0.997347 0.072621 -0.005092 -0.000000 -0.071974 0.973127 -0.218733 3.788100 -0.010930 0.218519 0.975771 -0.032000 0.000000 0.000000 0.000000 1.000000
0.997536 0.069733 -0.007752 0.000000 -0.069531 0.967711 -0.242284 3.788100 -0.009393 0.242226 0.970174 -0.032000 0.000000 0.000000 0.000000 1.000000
0.997997 0.062482 -0.009934 -0.000000 -0.062999 0.967038 -0.246715 3.788100 -0.005809 0.246847 0.969037 -0.032000 0.000000 0.000000 0.000000 1.000000
0.998416 0.055112 -0.011280 0.000000 -0.056215 0.970009 -0.236481 3.788100 -0.002091 0.236741 0.971571 -0.032000 0.000000 0.000000 0.000000 1.000000
0.998775 0.047766 -0.012899 0.000000 -0.049424 0.975228 -0.215610 3.788100 0.002281 0.215983 0.976394 -0.032000 0.000000 0.000000 0.000000 1.000000
0.999096 0.039107 -0.016677 0.000000 -0.041533 0.981594 -0.186407 3.788100 0.009080 0.186931 0.982331 -0.032000 0.000000 0.000000 0.000000 1.000000
0.999411 0.028741 -0.018773 -0.000000 -0.031256 0.987981 -0.151382 3.788100 0.014197 0.151880 0.988297 -0.032000 0.000000 0.000000 0.000000 1.000000
0.999711 0.018817 -0.014994 0.000000 -0.020489 0.992497 -0.120538 3.788100 0.012613 0.120810 0.992596 -0.032000 0.000000 0.000000 0.000000 1.000000
0.999859 0.011991 -0.011714 -0.000000 -0.013085 0.995080 -0.098206 3.788100 0.010479 0.098346 0.995097 -0.032000 0.000000 0.000000 0.000000 1.000000
0.999948 0.006051 -0.008201 0.000000 -0.006717 0.996462 -0.083776 3.788100 0.007665 0.083827 0.996451 -0.032000 0.000000 0.000000 0.000000 1.000000
0.999971 0.002229 -0.007332 0.000000 -0.002842 0.996396 -0.084777 3.788100 0.007116 0.084796 0.996373 -0.032000 0.000000 0.000000 0.000000 1.000000
0.999996 0.000949 -0.002707 -0.000000 -0.001205 0.995353 -0.096286 3.788100 0.002603 0.096288 0.995350 -0.032000 0.000000 0.000000 0.000000 1.000000
0.999982 0.004841 0.003460 0.000000 -0.004402 0.993091 -0.117266 3.788100 -0.004003 0.117249 0.993095 -0.032000 0.000000 0.000000 0.000000 1.000000
0.999982 0.003868 0.004603 -0.000000 -0.003189 0.990233 -0.139383 3.788100 -0.005098 0.139366 0.990228 -0.032000 0.000000 0.000000 0.000000 1.000000
0.999956 -0.003609 0.008657 0.000000 0.004989 0.986275 -0.165036 3.788100 -0.007942 0.165072 0.986250 -0.032000 0.000000 0.000000 0.000000 1.000000
0.999853 -0.011558 0.012644 0.000000 0.013720 0.982248 -0.187085 3.788100 -0.010257 0.187231 0.982262 -0.032000 0.000000 0.000000 0.000000 1.000000
0.999665 -0.020211 0.016175 0.000000 0.023067 0.979076 -0.202184 3.788100 -0.011750 0.202489 0.979214 -0.032000 0.000000 0.000000 0.000000 1.000000
0.999352 -0.028118 0.022491 -0.000000 0.032304 0.976039 -0.215184 3.788100 -0.015901 0.215771 0.976314 -0.032000 0.000000 0.000000 0.000000 1.000000
0.999099 -0.031555 0.028381 0.000000 0.037053 0.974629 -0.220737 3.788100 -0.020695 0.221590 0.974920 -0.032000 0.000000 0.000000 0.000000 1.000000
0.998884 -0.033574 0.033218 0.000000 0.039929 0.975956 -0.214280 3.788100 -0.025225 0.215368 0.976207 -0.032000 0.000000 0.000000 0.000000 1.000000
0.998698 -0.033108 0.038822 0.000000 0.040306 0.978468 -0.202424 3.788100 -0.031284 0.203725 0.978528 -0.032000 0.000000 0.000000 0.000000 1.000000
0.998670 -0.027976 0.043316 0.000000 0.035647 0.981536 -0.187926 3.788100 -0.037259 0.189220 0.981228 -0.032000 0.000000 0.000000 0.000000 1.000000
0.998597 -0.022541 0.047917 0.000000 0.030472 0.984652 -0.171848 3.788100 -0.043308 0.173067 0.983957 -0.032000 0.000000 0.000000 0.000000 1.000000
0.998402 -0.017144 0.053838 -0.000000 0.025441 0.987202 -0.157432 3.788100 -0.050450 0.158550 0.986061 -0.032000 0.000000 0.000000 0.000000 1.000000
0.998108 -0.010913 0.060514 0.000000 0.019618 0.989210 -0.145183 3.788100 -0.058277 0.146095 0.987553 -0.032000 0.000000 0.000000 0.000000 1.000000
0.997780 -0.004950 0.066415 0.000000 0.013714 0.991134 -0.132158 3.788100 -0.065172 0.132776 0.989001 -0.032000 0.000000 0.000000 0.000000 1.000000
0.997476 0.000800 0.070997 0.000000 0.007663 0.992883 -0.118848 3.788100 -0.070586 0.119092 0.990371 -0.032000 0.000000 0.000000 0.000000 1.000000
0.997174 0.006598 0.074835 0.000000 0.001531 0.994144 -0.108054 3.788100 -0.075110 0.107864 0.991324 -0.032000 0.000000 0.000000 0.000000 1.000000
0.996961 0.010885 0.077132 0.000000 -0.002928 0.994724 -0.102542 3.788100 -0.077842 0.102005 0.991734 -0.032000 0.000000 0.000000 0.000000 1.000000
0.996844 0.014074 0.078124 -0.000000 -0.006238 0.995002 -0.099661 3.788100 -0.079136 0.098859 0.991950 -0.032000 0.000000 0.000000 0.000000 1.000000
0.996771 0.016527 0.078583 -0.000000 -0.008795 0.995173 -0.097743 3.788100 -0.079819 0.096736 0.992104 -0.032000 0.000000 0.000000 0.000000 1.000000
0.996717 0.018475 0.078832 -0.000000 -0.010899 0.995372 -0.095473 3.788100 -0.080231 0.094300 0.992306 -0.032000 0.000000 0.000000 0.000000 1.000000
0.996680 0.019687 0.078999 -0.000000 -0.012208 0.995492 -0.094059 3.788100 -0.080495 0.092782 0.992427 -0.032000 0.000000 0.000000 0.000000 1.000000
0.996680 0.020095 0.078906 -0.000000 -0.012696 0.995569 -0.093175 3.788100 -0.080428 0.091864 0.992518 -0.032000 0.000000 0.000000 0.000000 1.000000</float_array><technique_common><accessor source="#mixamorig_Spine-Matrix-animation-output-transform-array" count="57" stride="16"><param type="float4x4"/></accessor></technique_common></source><source id="mixamorig_Spine-Interpolations"><Name_array id="mixamorig_Spine-Interpolations-array" count="57">
 LINEAR LINEAR LINEAR LINEAR LINEAR LINEAR LINEAR LINEAR LINEAR LINEAR LINEAR
LINEAR LINEAR LINEAR LINEAR LINEAR LINEAR LINEAR LINEAR LINEAR LINEAR LINEAR LINEAR
LINEAR LINEAR LINEAR LINEAR LINEAR LINEAR LINEAR LINEAR LINEAR LINEAR LINEAR LINEAR
LINEAR LINEAR LINEAR LINEAR LINEAR LINEAR LINEAR LINEAR LINEAR LINEAR LINEAR LINEAR
LINEAR LINEAR LINEAR LINEAR LINEAR LINEAR LINEAR LINEAR LINEAR LINEAR</Name_array><technique_common><accessor source="#mixamorig_Spine-Interpolations-array" count="57"><param type="name"/></accessor></technique_common></source><sampler id="mixamorig_Spine-Matrix-animation-transform"><input semantic="INPUT" source="#mixamorig_Spine-Matrix-animation-input"/><input semantic="OUTPUT" source="#mixamorig_Spine-Matrix-animation-output-transform"/><input semantic="INTERPOLATION" source="#mixamorig_Spine-Interpolations"/></sampler><channel source="#mixamorig_Spine-Matrix-animation-transform" target="mixamorig_Spine/matrix"/></animation>
    <animation id="mixamorig_Spine1-anim" name="mixamorig_Spine1"><source id="mixamorig_Spine1-Matrix-animation-input"><float_array id="mixamorig_Spine1-Matrix-animation-input-array" count="57">

0.000000 0.033333 0.066667 0.100000 0.133333 0.166667 0.200000 0.233333 0.266667 0.300000 0.333333 0.366667 0.400000 0.433333 0.466667 0.500000
0.533333 0.566667 0.600000 0.633333 0.666667 0.700000 0.733333 0.766667 0.800000 0.833333 0.866667 0.900000 0.933333 0.966667 1.000000 1.033333
1.066667 1.100000 1.133333 1.166667 1.200000 1.233333 1.266667 1.300000 1.333333 1.366667 1.400000 1.433333 1.466667 1.500000 1.533333 1.566667
1.600000 1.633333 1.666667 1.700000 1.733333 1.766667 1.800000 1.833333 1.866667</float_array><technique_common><accessor source="#mixamorig_Spine1-Matrix-animation-input-array" count="57"><param name="TIME" type="float"/></accessor></technique_common></source><source id="mixamorig_Spine1-Matrix-animation-output-transform"><float_array id="mixamorig_Spine1-Matrix-animation-output-transform-array" count="912">

0.986175 0.051730 0.157423 0.000000 -0.019030 0.979093 -0.202522 4.419600 -0.164608 0.196726 0.966542 0.000000 0.000000 0.000000 0.000000 1.000000
0.987912 0.051080 0.146358 0.000000 -0.020579 0.979009 -0.202778 4.419600 -0.153644 0.197315 0.968225 0.000000 0.000000 0.000000 0.000000 1.000000
0.990355 0.048477 0.129797 0.000000 -0.020697 0.978045 -0.207364 4.419600 -0.137000 0.202678 0.969615 -0.000000 0.000000 0.000000 0.000000 1.000000
0.992101 0.044703 0.117208 0.000000 -0.018897 0.976945 -0.212652 4.419600 -0.124012 0.208758 0.970073 0.000000 0.000000 0.000000 0.000000 1.000000
0.993727 0.037124 0.105490 0.000000 -0.012839 0.974927 -0.222155 4.419600 -0.111093 0.219407 0.969288 0.000000 0.000000 0.000000 0.000000 1.000000
0.995624 0.027777 0.089231 -0.000000 -0.005975 0.971773 -0.235841 4.419600 -0.093263 0.234275 0.967686 0.000000 0.000000 0.000000 0.000000 1.000000
0.997883 0.018780 0.062270 0.000000 -0.002453 0.967592 -0.252505 4.419600 -0.064994 0.251818 0.965590 -0.000000 0.000000 0.000000 0.000000 1.000000
0.999381 0.010214 0.033668 -0.000000 -0.000491 0.960888 -0.276935 4.419600 -0.035179 0.276747 0.960299 0.000000 0.000000 0.000000 0.000000 1.000000
0.999801 0.007378 0.018557 0.000000 -0.001545 0.955048 -0.296447 4.419600 -0.019910 0.296359 0.954869 -0.000000 0.000000 0.000000 0.000000 1.000000
0.999912 0.006131 0.011803 0.000000 -0.002218 0.951853 -0.306546 4.419600 -0.013114 0.306493 0.951783 0.000000 0.000000 0.000000 0.000000 1.000000
0.999959 -0.001625 0.008881 0.000000 0.004338 0.949146 -0.314805 4.419600 -0.007918 0.314831 0.949115 0.000000 0.000000 0.000000 0.000000 1.000000
0.999809 -0.002851 0.019351 0.000000 0.008586 0.952885 -0.303209 4.419600 -0.017574 0.303318 0.952727 0.000000 0.000000 0.000000 0.000000 1.000000
0.999708 -0.000613 0.024163 -0.000000 0.007207 0.961768 -0.273772 4.419600 -0.023072 0.273866 0.961491 0.000000 0.000000 0.000000 0.000000 1.000000
0.999647 -0.001278 0.026541 -0.000000 0.007988 0.967087 -0.254320 4.419600 -0.025342 0.254442 0.966756 0.000000 0.000000 0.000000 0.000000 1.000000
0.999103 0.009465 0.041268 0.000000 0.000798 0.970310 -0.241864 4.419600 -0.042332 0.241680 0.969432 0.000000 0.000000 0.000000 0.000000 1.000000
0.998059 0.026629 0.056293 0.000000 -0.014352 0.977985 -0.208182 4.419600 -0.060597 0.206970 0.976469 0.000000 0.000000 0.000000 0.000000 1.000000
0.997036 0.040138 0.065638 -0.000000 -0.028040 0.984025 -0.175809 4.419600 -0.071646 0.173447 0.982234 0.000000 0.000000 0.000000 0.000000 1.000000
0.996053 0.053441 0.070870 -0.000000 -0.039954 0.982918 -0.179653 4.419600 -0.079260 0.176112 0.981174 0.000000 0.000000 0.000000 0.000000 1.000000
0.995326 0.066806 0.069730 0.000000 -0.051545 0.978156 -0.201380 4.419600 -0.081661 0.196845 0.977028 0.000000 0.000000 0.000000 0.000000 1.000000
0.995152 0.077170 0.060966 -0.000000 -0.061510 0.972087 -0.226415 4.419600 -0.076737 0.221567 0.972121 0.000000 0.000000 0.000000 0.000000 1.000000
0.994800 0.093224 0.041021 0.000000 -0.079397 0.962077 -0.260968 4.419600 -0.063794 0.256354 0.964476 0.000000 0.000000 0.000000 0.000000 1.000000
0.994299 0.105526 0.015294 0.000000 -0.095662 0.946176 -0.309191 4.419600 -0.047099 0.305966 0.950877 -0.000000 0.000000 0.000000 0.000000 1.000000
0.992998 0.118050 -0.004476 -0.000000 -0.111042 0.919775 -0.376408 4.419600 -0.040318 0.374269 0.926443 0.000000 0.000000 0.000000 0.000000 1.000000
0.991842 0.126276 -0.017446 0.000000 -0.120946 0.888939 -0.441768 4.419600 -0.040276 0.440274 0.896960 0.000000 0.000000 0.000000 0.000000 1.000000
0.992137 0.122431 -0.025976 0.000000 -0.119627 0.866648 -0.484366 4.419600 -0.036789 0.483665 0.874480 0.000000 0.000000 0.000000 0.000000 1.000000
0.993413 0.110414 -0.030638 0.000000 -0.111138 0.863345 -0.492224 4.419600 -0.027897 0.492387 0.869929 0.000000 0.000000 0.000000 0.000000 1.000000
0.995113 0.093956 -0.030377 -0.000000 -0.097101 0.875186 -0.473941 4.419600 -0.017944 0.474575 0.880032 0.000000 0.000000 0.000000 0.000000 1.000000
0.996717 0.075321 -0.029709 -0.000000 -0.080729 0.896287 -0.436066 4.419600 -0.006217 0.437032 0.899424 0.000000 0.000000 0.000000 0.000000 1.000000
0.997829 0.056188 -0.034347 0.000000 -0.065058 0.921937 -0.381837 4.419600 0.010211 0.383243 0.923591 0.000000 0.000000 0.000000 0.000000 1.000000
0.998506 0.039951 -0.037271 0.000000 -0.049687 0.947696 -0.315283 4.419600 0.022726 0.316664 0.948266 0.000000 0.000000 0.000000 0.000000 1.000000
0.999157 0.029909 -0.028103 0.000000 -0.036108 0.966115 -0.255574 4.419600 0.019507 0.256373 0.966381 -0.000000 0.000000 0.000000 0.000000 1.000000
0.999588 0.022539 -0.017795 0.000000 -0.025801 0.976951 -0.211901 4.419600 0.012609 0.212272 0.977129 -0.000000 0.000000 0.000000 0.000000 1.000000
0.999836 0.016122 -0.008223 -0.000000 -0.017357 0.982869 -0.183485 4.419600 0.005124 0.183598 0.982988 0.000000 0.000000 0.000000 0.000000 1.000000
0.999896 0.013335 -0.005566 -0.000000 -0.014136 0.982561 -0.185405 4.419600 0.002996 0.185464 0.982646 -0.000000 0.000000 0.000000 0.000000 1.000000
0.999894 0.013684 0.004990 -0.000000 -0.012346 0.978026 -0.208115 4.419600 -0.007728 0.208032 0.978092 0.000000 0.000000 0.000000 0.000000 1.000000
0.999723 0.017141 0.016134 -0.000000 -0.012579 0.968339 -0.249322 4.419600 -0.019897 0.249050 0.968286 0.000000 0.000000 0.000000 0.000000 1.000000
0.999773 0.010106 0.018745 0.000000 -0.004188 0.956331 -0.292255 4.419600 -0.020880 0.292110 0.956157 0.000000 0.000000 0.000000 0.000000 1.000000
0.999581 -0.006744 0.028134 -0.000000 0.015948 0.939802 -0.341347 4.419600 -0.024138 0.341653 0.939516 0.000000 0.000000 0.000000 0.000000 1.000000
0.999031 -0.023461 0.037248 -0.000000 0.035952 0.923114 -0.382841 4.419600 -0.025402 0.383809 0.923063 0.000000 0.000000 0.000000 0.000000 1.000000
0.998119 -0.040801 0.045764 0.000000 0.056033 0.910030 -0.410738 4.419600 -0.024888 0.412530 0.910604 0.000000 0.000000 0.000000 0.000000 1.000000
0.996717 -0.055013 0.059396 0.000000 0.075422 0.897622 -0.434264 4.419600 -0.029425 0.437319 0.898825 -0.000000 0.000000 0.000000 0.000000 1.000000
0.995655 -0.060356 0.070916 0.000000 0.085692 0.891913 -0.444014 4.419600 -0.036452 0.448161 0.893209 0.000000 0.000000 0.000000 0.000000 1.000000
0.994813 -0.062889 0.079955 0.000000 0.091430 0.897326 -0.431794 4.419600 -0.044590 0.436864 0.898422 0.000000 0.000000 0.000000 0.000000 1.000000
0.994176 -0.059855 0.089624 -0.000000 0.091572 0.907653 -0.409610 4.419600 -0.056830 0.415431 0.907848 0.000000 0.000000 0.000000 0.000000 1.000000
0.994166 -0.048298 0.096445 -0.000000 0.081826 0.920278 -0.382614 4.419600 -0.070277 0.388273 0.918861 -0.000000 0.000000 0.000000 0.000000 1.000000
0.993963 -0.036054 0.103627 -0.000000 0.070593 0.933165 -0.352449 4.419600 -0.083994 0.357637 0.930076 0.000000 0.000000 0.000000 0.000000 1.000000
0.993250 -0.023516 0.113586 0.000000 0.059532 0.943775 -0.325185 4.419600 -0.099553 0.329752 0.938804 0.000000 0.000000 0.000000 0.000000 1.000000
0.992092 -0.009580 0.125148 -0.000000 0.047285 0.952149 -0.301955 4.419600 -0.116267 0.305485 0.945072 0.000000 0.000000 0.000000 0.000000 1.000000
0.990773 0.003290 0.135495 -0.000000 0.034717 0.960192 -0.277176 4.419600 -0.131014 0.279323 0.951217 0.000000 0.000000 0.000000 0.000000 1.000000
0.989514 0.014916 0.143668 0.000000 0.021967 0.967543 -0.251752 4.419600 -0.142760 0.252268 0.957069 0.000000 0.000000 0.000000 0.000000 1.000000
0.988242 0.026136 0.150647 0.000000 0.009503 0.972877 -0.231129 4.419600 -0.152601 0.229843 0.961189 0.000000 0.000000 0.000000 0.000000 1.000000
0.987344 0.034411 0.154812 -0.000000 0.000608 0.975348 -0.220673 4.419600 -0.158589 0.217974 0.962983 -0.000000 0.000000 0.000000 0.000000 1.000000
0.986844 0.040566 0.156500 0.000000 -0.006001 0.976533 -0.215284 4.419600 -0.161561 0.211512 0.963930 -0.000000 0.000000 0.000000 0.000000 1.000000
0.986527 0.045290 0.157207 0.000000 -0.011126 0.977267 -0.211722 4.419600 -0.163222 0.207120 0.964603 0.000000 0.000000 0.000000 0.000000 1.000000
0.986291 0.048954 0.157585 0.000000 -0.015406 0.978128 -0.207432 4.419600 -0.164293 0.202160 0.965474 -0.000000 0.000000 0.000000 0.000000 1.000000
0.986132 0.051247 0.157853 -0.000000 -0.018081 0.978645 -0.204759 4.419600 -0.164975 0.199065 0.966000 -0.000000 0.000000 0.000000 0.000000 1.000000
0.986122 0.051980 0.157678 0.000000 -0.019135 0.978979 -0.203061 4.419600 -0.164919 0.197226 0.966387 0.000000 0.000000 0.000000 0.000000 1.000000</float_array><technique_common><accessor source="#mixamorig_Spine1-Matrix-animation-output-transform-array" count="57" stride="16"><param type="float4x4"/></accessor></technique_common></source><source id="mixamorig_Spine1-Interpolations"><Name_array id="mixamorig_Spine1-Interpolations-array" count="57">
 LINEAR LINEAR LINEAR LINEAR LINEAR LINEAR LINEAR LINEAR LINEAR LINEAR LINEAR
LINEAR LINEAR LINEAR LINEAR LINEAR LINEAR LINEAR LINEAR LINEAR LINEAR LINEAR LINEAR
LINEAR LINEAR LINEAR LINEAR LINEAR LINEAR LINEAR LINEAR LINEAR LINEAR LINEAR LINEAR
LINEAR LINEAR LINEAR LINEAR LINEAR LINEAR LINEAR LINEAR LINEAR LINEAR LINEAR LINEAR
LINEAR LINEAR LINEAR LINEAR LINEAR LINEAR LINEAR LINEAR LINEAR LINEAR</Name_array><technique_common><accessor source="#mixamorig_Spine1-Interpolations-array" count="57"><param type="name"/></accessor></technique_common></source><sampler id="mixamorig_Spine1-Matrix-animation-transform"><input semantic="INPUT" source="#mixamorig_Spine1-Matrix-animation-input"/><input semantic="OUTPUT" source="#mixamorig_Spine1-Matrix-animation-output-transform"/><input semantic="INTERPOLATION" source="#mixamorig_Spine1-Interpolations"/></sampler><channel source="#mixamorig_Spine1-Matrix-animation-transform" target="mixamorig_Spine1/matrix"/></animation>
    <animation id="mixamorig_Spine2-anim" name="mixamorig_Spine2"><source id="mixamorig_Spine2-Matrix-animation-input"><float_array id="mixamorig_Spine2-Matrix-animation-input-array" count="57">

0.000000 0.033333 0.066667 0.100000 0.133333 0.166667 0.200000 0.233333 0.266667 0.300000 0.333333 0.366667 0.400000 0.433333 0.466667 0.500000
0.533333 0.566667 0.600000 0.633333 0.666667 0.700000 0.733333 0.766667 0.800000 0.833333 0.866667 0.900000 0.933333 0.966667 1.000000 1.033333
1.066667 1.100000 1.133333 1.166667 1.200000 1.233333 1.266667 1.300000 1.333333 1.366667 1.400000 1.433333 1.466667 1.500000 1.533333 1.566667
1.600000 1.633333 1.666667 1.700000 1.733333 1.766667 1.800000 1.833333 1.866667</float_array><technique_common><accessor source="#mixamorig_Spine2-Matrix-animation-input-array" count="57"><param name="TIME" type="float"/></accessor></technique_common></source><source id="mixamorig_Spine2-Matrix-animation-output-transform"><float_array id="mixamorig_Spine2-Matrix-animation-output-transform-array" count="912">

0.986175 0.051730 0.157423 0.000000 -0.019030 0.979093 -0.202522 5.051000 -0.164608 0.196726 0.966542 -0.000000 0.000000 0.000000 0.000000 1.000000
0.987912 0.051080 0.146358 0.000000 -0.020578 0.979009 -0.202778 5.051000 -0.153644 0.197315 0.968225 0.000000 0.000000 0.000000 0.000000 1.000000
0.990355 0.048477 0.129798 0.000000 -0.020697 0.978045 -0.207364 5.051000 -0.137000 0.202678 0.969615 0.000000 0.000000 0.000000 0.000000 1.000000
0.992101 0.044703 0.117208 0.000000 -0.018897 0.976945 -0.212652 5.051000 -0.124012 0.208758 0.970073 0.000000 0.000000 0.000000 0.000000 1.000000
0.993727 0.037124 0.105490 0.000000 -0.012839 0.974927 -0.222155 5.051000 -0.111093 0.219407 0.969288 -0.000000 0.000000 0.000000 0.000000 1.000000
0.995624 0.027777 0.089231 0.000000 -0.005975 0.971773 -0.235841 5.051000 -0.093263 0.234276 0.967686 -0.000000 0.000000 0.000000 0.000000 1.000000
0.997883 0.018780 0.062270 0.000000 -0.002453 0.967592 -0.252505 5.051000 -0.064994 0.251818 0.965590 0.000000 0.000000 0.000000 0.000000 1.000000
0.999381 0.010214 0.033668 -0.000000 -0.000491 0.960888 -0.276935 5.051000 -0.035179 0.276747 0.960299 0.000000 0.000000 0.000000 0.000000 1.000000
0.999801 0.007377 0.018557 0.000000 -0.001545 0.955048 -0.296447 5.051000 -0.019910 0.296359 0.954869 -0.000000 0.000000 0.000000 0.000000 1.000000
0.999912 0.006131 0.011803 0.000000 -0.002218 0.951853 -0.306546 5.051000 -0.013114 0.306492 0.951783 -0.000000 0.000000 0.000000 0.000000 1.000000
0.999959 -0.001625 0.008881 0.000000 0.004338 0.949146 -0.314806 5.051000 -0.007918 0.314831 0.949115 0.000000 0.000000 0.000000 0.000000 1.000000
0.999809 -0.002851 0.019351 0.000000 0.008586 0.952885 -0.303209 5.051000 -0.017575 0.303318 0.952727 0.000000 0.000000 0.000000 0.000000 1.000000
0.999708 -0.000613 0.024164 0.000000 0.007207 0.961768 -0.273772 5.051000 -0.023072 0.273866 0.961491 -0.000000 0.000000 0.000000 0.000000 1.000000
0.999647 -0.001278 0.026541 0.000000 0.007988 0.967087 -0.254320 5.051000 -0.025342 0.254442 0.966756 -0.000000 0.000000 0.000000 0.000000 1.000000
0.999103 0.009465 0.041268 0.000000 0.000798 0.970310 -0.241864 5.051000 -0.042332 0.241680 0.969432 -0.000000 0.000000 0.000000 0.000000 1.000000
0.998059 0.026629 0.056293 0.000000 -0.014352 0.977985 -0.208182 5.051000 -0.060597 0.206970 0.976469 -0.000000 0.000000 0.000000 0.000000 1.000000
0.997036 0.040138 0.065638 0.000000 -0.028040 0.984025 -0.175809 5.051000 -0.071646 0.173447 0.982234 0.000000 0.000000 0.000000 0.000000 1.000000
0.996053 0.053441 0.070869 0.000000 -0.039954 0.982918 -0.179653 5.051000 -0.079260 0.176112 0.981174 -0.000000 0.000000 0.000000 0.000000 1.000000
0.995326 0.066806 0.069731 -0.000000 -0.051545 0.978156 -0.201380 5.051000 -0.081661 0.196845 0.977028 -0.000000 0.000000 0.000000 0.000000 1.000000
0.995152 0.077170 0.060966 -0.000000 -0.061510 0.972087 -0.226415 5.051000 -0.076737 0.221568 0.972121 0.000000 0.000000 0.000000 0.000000 1.000000
0.994800 0.093224 0.041021 -0.000000 -0.079397 0.962077 -0.260968 5.051000 -0.063794 0.256354 0.964476 -0.000000 0.000000 0.000000 0.000000 1.000000
0.994299 0.105526 0.015294 -0.000000 -0.095662 0.946176 -0.309191 5.051000 -0.047098 0.305965 0.950877 0.000000 0.000000 0.000000 0.000000 1.000000
0.992998 0.118050 -0.004476 0.000000 -0.111042 0.919775 -0.376408 5.051000 -0.040318 0.374269 0.926443 0.000000 0.000000 0.000000 0.000000 1.000000
0.991842 0.126276 -0.017447 -0.000000 -0.120946 0.888939 -0.441768 5.051000 -0.040276 0.440274 0.896960 0.000000 0.000000 0.000000 0.000000 1.000000
0.992137 0.122431 -0.025976 0.000000 -0.119627 0.866648 -0.484366 5.051000 -0.036789 0.483665 0.874480 -0.000000 0.000000 0.000000 0.000000 1.000000
0.993413 0.110414 -0.030638 0.000000 -0.111138 0.863345 -0.492224 5.051000 -0.027897 0.492387 0.869929 0.000000 0.000000 0.000000 0.000000 1.000000
0.995113 0.093956 -0.030377 0.000000 -0.097101 0.875186 -0.473941 5.051000 -0.017944 0.474575 0.880032 0.000000 0.000000 0.000000 0.000000 1.000000
0.996717 0.075321 -0.029709 -0.000000 -0.080729 0.896287 -0.436066 5.051000 -0.006217 0.437032 0.899424 0.000000 0.000000 0.000000 0.000000 1.000000
0.997829 0.056188 -0.034347 -0.000000 -0.065058 0.921937 -0.381837 5.051000 0.010211 0.383243 0.923591 0.000000 0.000000 0.000000 0.000000 1.000000
0.998506 0.039951 -0.037271 0.000000 -0.049687 0.947696 -0.315283 5.051000 0.022726 0.316664 0.948266 0.000000 0.000000 0.000000 0.000000 1.000000
0.999157 0.029909 -0.028103 -0.000000 -0.036108 0.966115 -0.255574 5.051000 0.019507 0.256373 0.966381 0.000000 0.000000 0.000000 0.000000 1.000000
0.999588 0.022539 -0.017794 0.000000 -0.025801 0.976951 -0.211901 5.051000 0.012608 0.212272 0.977129 0.000000 0.000000 0.000000 0.000000 1.000000
0.999836 0.016122 -0.008223 -0.000000 -0.017357 0.982869 -0.183485 5.051000 0.005124 0.183598 0.982988 0.000000 0.000000 0.000000 0.000000 1.000000
0.999896 0.013335 -0.005566 0.000000 -0.014136 0.982561 -0.185405 5.051000 0.002996 0.185464 0.982646 0.000000 0.000000 0.000000 0.000000 1.000000
0.999894 0.013684 0.004990 0.000000 -0.012347 0.978026 -0.208116 5.051000 -0.007728 0.208032 0.978092 -0.000000 0.000000 0.000000 0.000000 1.000000
0.999723 0.017141 0.016134 0.000000 -0.012580 0.968339 -0.249322 5.051000 -0.019897 0.249050 0.968286 -0.000000 0.000000 0.000000 0.000000 1.000000
0.999773 0.010106 0.018745 0.000000 -0.004188 0.956331 -0.292255 5.051000 -0.020880 0.292110 0.956157 0.000000 0.000000 0.000000 0.000000 1.000000
0.999581 -0.006744 0.028134 -0.000000 0.015948 0.939802 -0.341347 5.051000 -0.024138 0.341653 0.939516 0.000000 0.000000 0.000000 0.000000 1.000000
0.999031 -0.023461 0.037248 0.000000 0.035952 0.923115 -0.382841 5.051000 -0.025402 0.383809 0.923063 -0.000000 0.000000 0.000000 0.000000 1.000000
0.998119 -0.040801 0.045764 -0.000000 0.056033 0.910030 -0.410738 5.051000 -0.024888 0.412530 0.910604 0.000000 0.000000 0.000000 0.000000 1.000000
0.996717 -0.055013 0.059396 -0.000000 0.075422 0.897622 -0.434264 5.051000 -0.029425 0.437319 0.898825 0.000000 0.000000 0.000000 0.000000 1.000000
0.995655 -0.060355 0.070916 -0.000000 0.085692 0.891913 -0.444014 5.051000 -0.036452 0.448161 0.893209 0.000000 0.000000 0.000000 0.000000 1.000000
