<?xml version="1.0" encoding="utf-8"?>
<COLLADA xmlns="http://www.collada.org/2005/11/COLLADASchema" version="1.4.1">
  <asset><contributor><author>Mixamo</author><authoring_tool>COLLADA Mixamo exporter</authoring_tool><comments></comments></contributor><created>2020-11-01T15:26:24Z</created><modified>2020-11-01T15:26:24Z</modified><revision></revision><title></title><unit meter="0.010000"/><up_axis>Y_UP</up_axis></asset>
  <library_animations>
    <animation id="mixamorig_Hips-anim" name="mixamorig_Hips"><source id="mixamorig_Hips-Matrix-animation-input"><float_array id="mixamorig_Hips-Matrix-animation-input-array" count="165">

0.000000 0.033333 0.066667 0.100000 0.133333 0.166667 0.200000 0.233333 0.266667 0.300000 0.333333 0.366667 0.400000 0.433333 0.466667 0.500000
0.533333 0.566667 0.600000 0.633333 0.666667 0.700000 0.733333 0.766667 0.800000 0.833333 0.866667 0.900000 0.933333 0.966667 1.000000 1.033333
1.066667 1.100000 1.133333 1.166667 1.200000 1.233333 1.266667 1.300000 1.333333 1.366667 1.400000 1.433333 1.466667 1.500000 1.533333 1.566667
1.600000 1.633333 1.666667 1.700000 1.733333 1.766667 1.800000 1.833333 1.866667 1.900000 1.933333 1.966667 2.000000 2.033333 2.066667 2.100000
2.133333 2.166667 2.200000 2.233333 2.266667 2.300000 2.333333 2.366667 2.400000 2.433333 2.466667 2.500000 2.533333 2.566667 2.600000 2.633333
2.666667 2.700000 2.733333 2.766667 2.800000 2.833333 2.866667 2.900000 2.933333 2.966667 3.000000 3.033333 3.066667 3.100000 3.133333 3.166667
3.200000 3.233333 3.266667 3.300000 3.333333 3.366667 3.400000 3.433333 3.466667 3.500000 3.533333 3.566667 3.600000 3.633333 3.666667 3.700000
3.733333 3.766667 3.800000 3.833333 3.866667 3.900000 3.933333 3.966667 4.000000 4.033333 4.066667 4.100000 4.133333 4.166667 4.200000 4.233333
4.266667 4.300000 4.333333 4.366667 4.400000 4.433333 4.466667 4.500000 4.533333 4.566667 4.600000 4.633333 4.666667 4.700000 4.733333 4.766667
4.800000 4.833333 4.866667 4.900000 4.933333 4.966667 5.000000 5.033333 5.066667 5.100000 5.133333 5.166667 5.200000 5.233333 5.266667 5.300000
5.333333 5.366667 5.400000 5.433333 5.466667</float_array><technique_common><accessor source="#mixamorig_Hips-Matrix-animation-input-array" count="165"><param name="TIME" type="float"/></accessor></technique_common></source><source id="mixamorig_Hips-Matrix-animation-output-transform"><float_array id="mixamorig_Hips-Matrix-animation-output-transform-array" count="2640">

0.999834 -0.012786 0.012976 -0.017746 0.012854 0.999904 -0.005125 20.025723 -0.012909 0.005291 0.999903 0.456051 0.000000 0.000000 0.000000 1.000000
0.999833 -0.012738 0.013125 -0.021562 0.012812 0.999902 -0.005573 20.023794 -0.013053 0.005741 0.999898 0.450658 0.000000 0.000000 0.000000 1.000000
0.999827 -0.012866 0.013437 -0.025824 0.012948 0.999898 -0.006039 20.021957 -0.013358 0.006212 0.999891 0.447245 0.000000 0.000000 0.000000 1.000000
0.999821 -0.013001 0.013753 -0.030130 0.013091 0.999893 -0.006506 20.020174 -0.013667 0.006685 0.999884 0.444035 0.000000 0.000000 0.000000 1.000000
0.999816 -0.013121 0.013978 -0.034216 0.013220 0.999888 -0.006961 20.018373 -0.013885 0.007144 0.999878 0.439542 0.000000 0.000000 0.000000 1.000000
0.999815 -0.013200 0.014000 -0.037770 0.013305 0.999884 -0.007387 20.016441 -0.013901 0.007572 0.999875 0.431975 0.000000 0.000000 0.000000 1.000000
0.999818 -0.013229 0.013728 -0.040538 0.013336 0.999881 -0.007771 20.014309 -0.013623 0.007953 0.999876 0.419907 0.000000 0.000000 0.000000 1.000000
0.999834 -0.013102 0.012697 -0.041233 0.013205 0.999880 -0.008048 20.011602 -0.012590 0.008214 0.999887 0.396107 0.000000 0.000000 0.000000 1.000000
0.999845 -0.013877 0.010828 -0.039416 0.013989 0.999849 -0.010321 20.008600 -0.010683 0.010471 0.999888 0.345664 0.000000 0.000000 0.000000 1.000000
0.999852 -0.015034 0.008400 -0.037509 0.015161 0.999768 -0.015274 20.004303 -0.008169 0.015399 0.999848 0.261148 0.000000 0.000000 0.000000 1.000000
0.999848 -0.016333 0.006021 -0.034709 0.016468 0.999598 -0.023084 19.998259 -0.005642 0.023180 0.999715 0.139401 0.000000 0.000000 0.000000 1.000000
0.999830 -0.017812 0.004801 -0.033107 0.017960 0.999305 -0.032661 19.989475 -0.004216 0.032742 0.999455 -0.044751 0.000000 0.000000 0.000000 1.000000
0.999798 -0.018336 0.008289 -0.036757 0.018712 0.998679 -0.047861 19.983347 -0.007400 0.048007 0.998820 -0.339735 0.000000 0.000000 0.000000 1.000000
0.999781 -0.018042 0.010619 -0.056779 0.018634 0.998112 -0.058518 19.968063 -0.009543 0.058703 0.998230 -0.685831 0.000000 0.000000 0.000000 1.000000
0.999775 -0.018850 0.009779 -0.076008 0.019537 0.996936 -0.075743 19.937073 -0.008321 0.075917 0.997079 -1.096613 0.000000 0.000000 0.000000 1.000000
0.999783 -0.019732 0.006655 -0.097166 0.020298 0.994807 -0.099731 19.890671 -0.004652 0.099844 0.994992 -1.555888 0.000000 0.000000 0.000000 1.000000
0.999787 -0.020410 0.003098 -0.126340 0.020637 0.991912 -0.125242 19.826174 -0.000517 0.125279 0.992121 -1.993622 0.000000 0.000000 0.000000 1.000000
0.999757 -0.021468 -0.004905 -0.163427 0.020474 0.988178 -0.151937 19.736919 0.008109 0.151800 0.988378 -2.368976 0.000000 0.000000 0.000000 1.000000
0.999627 -0.022980 -0.014785 -0.202481 0.019971 0.983708 -0.178662 19.638142 0.018649 0.178300 0.983799 -2.719561 0.000000 0.000000 0.000000 1.000000
0.999375 -0.024486 -0.025492 -0.244295 0.018713 0.978346 -0.206128 19.535248 0.029987 0.205522 0.978193 -3.055621 0.000000 0.000000 0.000000 1.000000
0.999009 -0.025281 -0.036639 -0.291285 0.015943 0.971684 -0.235746 19.431383 0.041561 0.234929 0.971124 -3.377788 0.000000 0.000000 0.000000 1.000000
0.998596 -0.025745 -0.046290 -0.339997 0.012431 0.963434 -0.267658 19.327782 0.051488 0.266707 0.962401 -3.671692 0.000000 0.000000 0.000000 1.000000
0.998383 -0.026334 -0.050380 -0.381738 0.009901 0.953237 -0.302060 19.231522 0.055979 0.301073 0.951957 -3.910979 0.000000 0.000000 0.000000 1.000000
0.998361 -0.026681 -0.050637 -0.409798 0.008005 0.941098 -0.338039 19.146729 0.056673 0.337080 0.939769 -4.072858 0.000000 0.000000 0.000000 1.000000
0.998327 -0.027026 -0.051122 -0.429659 0.006008 0.927758 -0.373135 19.065689 0.057513 0.372204 0.926367 -4.206623 0.000000 0.000000 0.000000 1.000000
0.998278 -0.027384 -0.051875 -0.446076 0.003882 0.913251 -0.407379 18.987337 0.058530 0.406476 0.911785 -4.319479 0.000000 0.000000 0.000000 1.000000
0.998188 -0.027818 -0.053361 -0.461394 0.001473 0.897768 -0.440467 18.912426 0.060159 0.439590 0.896182 -4.411661 0.000000 0.000000 0.000000 1.000000
0.997986 -0.028498 -0.056668 -0.478822 -0.001589 0.881877 -0.471477 18.845018 0.063411 0.470618 0.880056 -4.474057 0.000000 0.000000 0.000000 1.000000
0.997758 -0.028952 -0.060341 -0.486196 -0.005377 0.863997 -0.503468 18.785561 0.066711 0.502664 0.861904 -4.480564 0.000000 0.000000 0.000000 1.000000
0.997938 -0.026972 -0.058251 -0.474388 -0.008424 0.844571 -0.535378 18.753742 0.063637 0.534764 0.842602 -4.439802 0.000000 0.000000 0.000000 1.000000
0.998172 -0.024916 -0.055055 -0.465714 -0.010507 0.825605 -0.564150 18.733061 0.059510 0.563698 0.823835 -4.363430 0.000000 0.000000 0.000000 1.000000
0.998270 -0.023540 -0.053883 -0.461418 -0.012857 0.806815 -0.590665 18.718737 0.057378 0.590335 0.805116 -4.248997 0.000000 0.000000 0.000000 1.000000
0.998268 -0.020734 -0.055059 -0.457531 -0.017684 0.786823 -0.616926 18.711044 0.056112 0.616831 0.785093 -4.090445 0.000000 0.000000 0.000000 1.000000
0.998246 -0.016913 -0.056735 -0.450991 -0.023599 0.765218 -0.643338 18.714474 0.054295 0.643549 0.763477 -3.895012 0.000000 0.000000 0.000000 1.000000
0.998303 -0.013600 -0.056624 -0.461023 -0.027804 0.743047 -0.668661 18.732178 0.051168 0.669101 0.741408 -3.671141 0.000000 0.000000 0.000000 1.000000
0.998487 -0.011394 -0.053787 -0.483516 -0.029023 0.721651 -0.691648 18.765274 0.046696 0.692163 0.720229 -3.434599 0.000000 0.000000 0.000000 1.000000
0.998829 -0.008707 -0.047591 -0.501524 -0.027744 0.702795 -0.710851 18.817820 0.039636 0.711339 0.701730 -3.183725 0.000000 0.000000 0.000000 1.000000
0.999177 -0.004202 -0.040342 -0.511389 -0.026503 0.685263 -0.727813 18.876608 0.030703 0.728284 0.684588 -2.923190 0.000000 0.000000 0.000000 1.000000
0.999439 0.000154 -0.033492 -0.511355 -0.024983 0.669429 -0.742456 18.934944 0.022306 0.742876 0.669057 -2.667367 0.000000 0.000000 0.000000 1.000000
0.999597 0.003364 -0.028178 -0.494038 -0.023454 0.656938 -0.753580 18.987421 0.015976 0.753937 0.656753 -2.435008 0.000000 0.000000 0.000000 1.000000
0.999707 0.006213 -0.023406 -0.470362 -0.021885 0.645561 -0.763395 19.038071 0.010367 0.763684 0.645507 -2.210568 0.000000 0.000000 0.000000 1.000000
0.999778 0.008785 -0.019164 -0.441528 -0.020381 0.635280 -0.772013 19.086292 0.005392 0.772232 0.635318 -1.994570 0.000000 0.000000 0.000000 1.000000
0.999819 0.011150 -0.015446 -0.408562 -0.019025 0.626069 -0.779535 19.131390 0.000978 0.779688 0.626168 -1.787685 0.000000 0.000000 0.000000 1.000000
0.999832 0.012912 -0.012992 -0.374262 -0.018200 0.620398 -0.784076 19.161369 -0.002064 0.784181 0.620529 -1.629830 0.000000 0.000000 0.000000 1.000000
0.999835 0.014520 -0.010933 -0.338851 -0.017556 0.615751 -0.787745 19.187216 -0.004706 0.787807 0.615904 -1.483581 0.000000 0.000000 0.000000 1.000000
0.999830 0.015996 -0.009171 -0.303593 -0.017044 0.611964 -0.790702 19.209183 -0.007036 0.790723 0.612133 -1.349865 0.000000 0.000000 0.000000 1.000000
0.999821 0.017328 -0.007607 -0.269293 -0.016587 0.608873 -0.793095 19.227659 -0.009111 0.793079 0.609051 -1.229571 0.000000 0.000000 0.000000 1.000000
0.999809 0.018538 -0.006144 -0.237183 -0.016128 0.606304 -0.795070 19.242834 -0.011014 0.795017 0.606487 -1.123648 0.000000 0.000000 0.000000 1.000000
0.999796 0.019650 -0.004687 -0.208487 -0.015608 0.604084 -0.796768 19.254890 -0.012825 0.796678 0.604267 -1.033050 0.000000 0.000000 0.000000 1.000000
0.999784 0.020510 -0.003264 -0.188230 -0.014971 0.602799 -0.797753 19.259041 -0.014394 0.797630 0.602976 -0.980465 0.000000 0.000000 0.000000 1.000000
0.999773 0.021206 -0.001945 -0.174773 -0.014329 0.602343 -0.798109 19.256273 -0.015753 0.797956 0.602510 -0.960195 0.000000 0.000000 0.000000 1.000000
0.999759 0.021932 -0.000643 -0.163004 -0.013719 0.601937 -0.798426 19.252230 -0.017124 0.798242 0.602093 -0.946427 0.000000 0.000000 0.000000 1.000000
0.999742 0.022690 0.000638 -0.152648 -0.013144 0.601577 -0.798707 19.247063 -0.018507 0.798493 0.601720 -0.938303 0.000000 0.000000 0.000000 1.000000
0.999723 0.023478 0.001895 -0.143189 -0.012606 0.601252 -0.798960 19.241039 -0.019898 0.798714 0.601381 -0.934119 0.000000 0.000000 0.000000 1.000000
0.999700 0.024295 0.003125 -0.134162 -0.012106 0.600955 -0.799191 19.234493 -0.021295 0.798913 0.601069 -0.932332 0.000000 0.000000 0.000000 1.000000
0.999675 0.025137 0.004327 -0.125112 -0.011644 0.600678 -0.799406 19.227631 -0.022694 0.799095 0.600776 -0.931467 0.000000 0.000000 0.000000 1.000000
0.999647 0.025999 0.005498 -0.115531 -0.011218 0.600412 -0.799612 19.220768 -0.024090 0.799268 0.600492 -0.930003 0.000000 0.000000 0.000000 1.000000
0.999617 0.026875 0.006635 -0.104942 -0.010826 0.600149 -0.799815 19.214178 -0.025477 0.799437 0.600210 -0.926417 0.000000 0.000000 0.000000 1.000000
0.999585 0.027763 0.007736 -0.092876 -0.010469 0.599880 -0.800021 19.208157 -0.026852 0.799608 0.599922 -0.919173 0.000000 0.000000 0.000000 1.000000
0.999549 0.028769 0.008652 -0.078495 -0.010335 0.599711 -0.800150 19.201466 -0.028208 0.799700 0.599737 -0.911761 0.000000 0.000000 0.000000 1.000000
0.999510 0.029887 0.009350 -0.059802 -0.010443 0.599582 -0.800245 19.195601 -0.029523 0.799755 0.599600 -0.896698 0.000000 0.000000 0.000000 1.000000
0.999457 0.031685 0.009000 -0.035297 -0.011795 0.599397 -0.800365 19.189713 -0.030754 0.799825 0.599445 -0.875895 0.000000 0.000000 0.000000 1.000000
0.999400 0.033750 0.007745 -0.012895 -0.014022 0.598947 -0.800666 19.184031 -0.031661 0.800077 0.599061 -0.857421 0.000000 0.000000 0.000000 1.000000
0.999359 0.035113 0.007022 0.003147 -0.015399 0.598469 -0.800998 19.179079 -0.032328 0.800376 0.598626 -0.843132 0.000000 0.000000 0.000000 1.000000
0.999324 0.036165 0.006548 0.016314 -0.016391 0.597998 -0.801330 19.174488 -0.032896 0.800681 0.598186 -0.830710 0.000000 0.000000 0.000000 1.000000
0.999294 0.037033 0.006252 0.027594 -0.017131 0.597576 -0.801629 19.170155 -0.033423 0.800957 0.597789 -0.819438 0.000000 0.000000 0.000000 1.000000
0.999271 0.037668 0.006226 0.036270 -0.017520 0.597290 -0.801834 19.166288 -0.033922 0.801140 0.597515 -0.809664 0.000000 0.000000 0.000000 1.000000
0.999252 0.038148 0.006414 0.041432 -0.017653 0.597238 -0.801869 19.162775 -0.034420 0.801156 0.597465 -0.801824 0.000000 0.000000 0.000000 1.000000
0.999232 0.038647 0.006526 0.044523 -0.017863 0.597255 -0.801852 19.159666 -0.034887 0.801120 0.597487 -0.795835 0.000000 0.000000 0.000000 1.000000
0.999206 0.039317 0.006431 0.046643 -0.018342 0.597299 -0.801809 19.156857 -0.035366 0.801055 0.597545 -0.790574 0.000000 0.000000 0.000000 1.000000
0.999174 0.040154 0.006199 0.048171 -0.019032 0.597355 -0.801751 19.154217 -0.035896 0.800971 0.597626 -0.785438 0.000000 0.000000 0.000000 1.000000
0.999138 0.041088 0.005908 0.049277 -0.019827 0.597418 -0.801685 19.151777 -0.036469 0.800876 0.597718 -0.780327 0.000000 0.000000 0.000000 1.000000
0.999099 0.042067 0.005643 0.050046 -0.020627 0.597425 -0.801659 19.149652 -0.037094 0.800820 0.597755 -0.774877 0.000000 0.000000 0.000000 1.000000
0.999058 0.043042 0.005466 0.050731 -0.021351 0.597396 -0.801662 19.147831 -0.037770 0.800791 0.597752 -0.768921 0.000000 0.000000 0.000000 1.000000
0.999018 0.043957 0.005493 0.051578 -0.021873 0.597287 -0.801729 19.146410 -0.038523 0.800822 0.597662 -0.761959 0.000000 0.000000 0.000000 1.000000
0.998981 0.044757 0.005787 0.052721 -0.022105 0.597061 -0.801891 19.145256 -0.039346 0.800946 0.597442 -0.753860 0.000000 0.000000 0.000000 1.000000
0.998949 0.045390 0.006454 0.054435 -0.021930 0.596689 -0.802173 19.144581 -0.040261 0.801188 0.597057 -0.744087 0.000000 0.000000 0.000000 1.000000
0.998921 0.045816 0.007565 0.057104 -0.021263 0.596141 -0.802598 19.144331 -0.041282 0.801572 0.596472 -0.732250 0.000000 0.000000 0.000000 1.000000
0.998899 0.046018 0.009093 0.060369 -0.020121 0.595465 -0.803130 19.144428 -0.042373 0.802063 0.595735 -0.718860 0.000000 0.000000 0.000000 1.000000
0.998882 0.045931 0.011193 0.064795 -0.018333 0.594580 -0.803827 19.144953 -0.043575 0.802723 0.594758 -0.703009 0.000000 0.000000 0.000000 1.000000
0.998857 0.045847 0.013519 0.071202 -0.016348 0.593442 -0.804710 19.145878 -0.044916 0.803570 0.593514 -0.684402 0.000000 0.000000 0.000000 1.000000
0.998821 0.045837 0.016010 0.079992 -0.014251 0.591995 -0.805816 19.147263 -0.046414 0.804637 0.591950 -0.662694 0.000000 0.000000 0.000000 1.000000
0.998762 0.045975 0.019017 0.096450 -0.011751 0.589394 -0.807760 19.151220 -0.048345 0.806536 0.589205 -0.629740 0.000000 0.000000 0.000000 1.000000
0.998701 0.046259 0.021370 0.114849 -0.009846 0.586647 -0.809783 19.156832 -0.049997 0.808520 0.586341 -0.592703 0.000000 0.000000 0.000000 1.000000
0.998644 0.046639 0.023108 0.133599 -0.008484 0.583890 -0.811789 19.163126 -0.051354 0.810492 0.583494 -0.554787 0.000000 0.000000 0.000000 1.000000
0.998591 0.047014 0.024613 0.151676 -0.007321 0.581422 -0.813569 19.169670 -0.052559 0.812242 0.580947 -0.517807 0.000000 0.000000 0.000000 1.000000
0.998533 0.047662 0.025713 0.165096 -0.006708 0.579997 -0.814591 19.171856 -0.053738 0.813223 0.579466 -0.495216 0.000000 0.000000 0.000000 1.000000
0.998470 0.048423 0.026700 0.176922 -0.006269 0.578875 -0.815392 19.172640 -0.054940 0.813977 0.578293 -0.477080 0.000000 0.000000 0.000000 1.000000
0.998405 0.049252 0.027582 0.187599 -0.005970 0.578008 -0.816009 19.172228 -0.056133 0.814543 0.577381 -0.462747 0.000000 0.000000 0.000000 1.000000
0.998341 0.050110 0.028366 0.197609 -0.005780 0.577345 -0.816480 19.170826 -0.057290 0.814961 0.576677 -0.451531 0.000000 0.000000 0.000000 1.000000
0.998279 0.050947 0.029058 0.207350 -0.005662 0.576835 -0.816841 19.168684 -0.058377 0.815270 0.576131 -0.442722 0.000000 0.000000 0.000000 1.000000
0.998221 0.051726 0.029665 0.217292 -0.005586 0.576429 -0.817128 19.165972 -0.059366 0.815508 0.575693 -0.435703 0.000000 0.000000 0.000000 1.000000
0.998203 0.051744 0.030234 0.226797 -0.005089 0.575855 -0.817536 19.163916 -0.059713 0.815913 0.575084 -0.431809 0.000000 0.000000 0.000000 1.000000
0.998195 0.051695 0.030572 0.235755 -0.004736 0.575208 -0.817994 19.161621 -0.059871 0.816372 0.574414 -0.428751 0.000000 0.000000 0.000000 1.000000
0.998197 0.051473 0.030889 0.244566 -0.004297 0.574511 -0.818486 19.159487 -0.059876 0.816877 0.573696 -0.426385 0.000000 0.000000 0.000000 1.000000
0.998207 0.050964 0.031394 0.253593 -0.003537 0.573788 -0.818996 19.157915 -0.059752 0.817417 0.572939 -0.424587 0.000000 0.000000 0.000000 1.000000
0.998224 0.050054 0.032297 0.263197 -0.002220 0.573062 -0.819509 19.157307 -0.059527 0.817982 0.572155 -0.423213 0.000000 0.000000 0.000000 1.000000
0.998244 0.048635 0.033807 0.273774 -0.000115 0.572354 -0.820007 19.158045 -0.059230 0.818563 0.571355 -0.422125 0.000000 0.000000 0.000000 1.000000
0.998260 0.046598 0.036135 0.285697 0.003014 0.571683 -0.820469 19.160557 -0.058889 0.819151 0.570547 -0.421167 0.000000 0.000000 0.000000 1.000000
0.998252 0.042608 0.040969 0.302674 0.009323 0.570943 -0.820936 19.168053 -0.058369 0.819883 0.569548 -0.422481 0.000000 0.000000 0.000000 1.000000
0.998167 0.039223 0.046097 0.326016 0.015585 0.569371 -0.821933 19.173357 -0.058485 0.821145 0.567715 -0.428852 0.000000 0.000000 0.000000 1.000000
0.998001 0.038167 0.050374 0.364674 0.019939 0.566194 -0.824031 19.169567 -0.059972 0.823388 0.564301 -0.446746 0.000000 0.000000 0.000000 1.000000
0.997890 0.039353 0.051639 0.399825 0.020512 0.563535 -0.825838 19.159306 -0.061599 0.825155 0.561538 -0.461568 0.000000 0.000000 0.000000 1.000000
0.997875 0.040866 0.050749 0.418050 0.019004 0.562466 -0.826602 19.152607 -0.062325 0.825810 0.560494 -0.466741 0.000000 0.000000 0.000000 1.000000
0.997853 0.042414 0.049912 0.425443 0.017402 0.562965 -0.826297 19.146378 -0.063146 0.825391 0.561018 -0.464177 0.000000 0.000000 0.000000 1.000000
0.997792 0.044387 0.049414 0.424099 0.015774 0.564306 -0.825415 19.139645 -0.064523 0.824371 0.562360 -0.454373 0.000000 0.000000 0.000000 1.000000
0.997730 0.046141 0.049048 0.408227 0.014436 0.564872 -0.825052 19.133627 -0.065774 0.823887 0.562924 -0.440060 0.000000 0.000000 0.000000 1.000000
0.997691 0.047140 0.048891 0.378362 0.013769 0.564543 -0.825289 19.128462 -0.066505 0.824057 0.562590 -0.423187 0.000000 0.000000 0.000000 1.000000
0.997662 0.047824 0.048824 0.345656 0.013366 0.564065 -0.825622 19.123835 -0.067024 0.824344 0.562107 -0.406119 0.000000 0.000000 0.000000 1.000000
0.997651 0.047981 0.048900 0.313877 0.013357 0.563849 -0.825770 19.121832 -0.067193 0.824483 0.561884 -0.389531 0.000000 0.000000 0.000000 1.000000
0.997660 0.047619 0.049069 0.284381 0.013697 0.563912 -0.825721 19.121738 -0.066991 0.824461 0.561940 -0.374170 0.000000 0.000000 0.000000 1.000000
0.997673 0.047030 0.049354 0.259059 0.014268 0.563870 -0.825741 19.121323 -0.066664 0.824524 0.561887 -0.361688 0.000000 0.000000 0.000000 1.000000
0.997681 0.046420 0.049780 0.243300 0.014996 0.563485 -0.825990 19.119989 -0.066393 0.824821 0.561482 -0.351822 0.000000 0.000000 0.000000 1.000000
0.997684 0.045849 0.050244 0.235844 0.015741 0.562992 -0.826312 19.118828 -0.066173 0.825190 0.560966 -0.341471 0.000000 0.000000 0.000000 1.000000
0.997685 0.045283 0.050738 0.231816 0.016513 0.562445 -0.826670 19.117712 -0.065972 0.825594 0.560395 -0.331098 0.000000 0.000000 0.000000 1.000000
0.997684 0.044750 0.051222 0.230164 0.017258 0.561881 -0.827038 19.116667 -0.065790 0.826007 0.559808 -0.320312 0.000000 0.000000 0.000000 1.000000
0.997683 0.044275 0.051655 0.229855 0.017927 0.561341 -0.827390 19.115755 -0.065629 0.826399 0.559247 -0.308727 0.000000 0.000000 0.000000 1.000000
0.997683 0.043885 0.051997 0.229835 0.018467 0.560865 -0.827702 19.115032 -0.065487 0.826744 0.558754 -0.295964 0.000000 0.000000 0.000000 1.000000
0.997684 0.043607 0.052208 0.229058 0.018827 0.560492 -0.827946 19.114561 -0.065366 0.827011 0.558372 -0.281629 0.000000 0.000000 0.000000 1.000000
0.997692 0.043550 0.052103 0.225984 0.018777 0.560433 -0.827987 19.114609 -0.065260 0.827054 0.558322 -0.265160 0.000000 0.000000 0.000000 1.000000
0.997707 0.043741 0.051639 0.220933 0.018260 0.560748 -0.827785 19.115253 -0.065164 0.826830 0.558664 -0.246629 0.000000 0.000000 0.000000 1.000000
0.997732 0.043938 0.050994 0.214459 0.017555 0.561505 -0.827287 19.116064 -0.064983 0.826306 0.559460 -0.232720 0.000000 0.000000 0.000000 1.000000
0.997765 0.044055 0.050249 0.206912 0.016780 0.562679 -0.826505 19.116846 -0.064686 0.825501 0.560682 -0.225303 0.000000 0.000000 0.000000 1.000000
0.997801 0.044120 0.049460 0.198800 0.015980 0.564084 -0.825562 19.117599 -0.064324 0.824538 0.562139 -0.221731 0.000000 0.000000 0.000000 1.000000
0.997842 0.044102 0.048638 0.190045 0.015178 0.565778 -0.824418 19.118298 -0.063877 0.823377 0.563888 -0.223513 0.000000 0.000000 0.000000 1.000000
0.997967 0.042850 0.047181 0.170785 0.014239 0.571664 -0.820364 19.115868 -0.062125 0.819368 0.569892 -0.304506 0.000000 0.000000 0.000000 1.000000
0.998085 0.041392 0.045976 0.150620 0.013620 0.577920 -0.815980 19.113707 -0.060345 0.815043 0.576250 -0.395957 0.000000 0.000000 0.000000 1.000000
0.998208 0.039705 0.044766 0.128750 0.013110 0.584832 -0.811049 19.111164 -0.058383 0.810182 0.583263 -0.501693 0.000000 0.000000 0.000000 1.000000
0.998348 0.037768 0.043295 0.104380 0.012503 0.592677 -0.805343 19.107616 -0.056076 0.804554 0.591226 -0.625513 0.000000 0.000000 0.000000 1.000000
0.998513 0.035569 0.041302 0.076728 0.011599 0.601723 -0.798620 19.102425 -0.053258 0.797912 0.600416 -0.771258 0.000000 0.000000 0.000000 1.000000
0.998709 0.033099 0.038524 0.045020 0.010207 0.612226 -0.790617 19.094927 -0.049754 0.789989 0.611098 -0.942756 0.000000 0.000000 0.000000 1.000000
0.998936 0.030371 0.034694 0.008494 0.008141 0.624424 -0.781044 19.084435 -0.045385 0.780495 0.623512 -1.143901 0.000000 0.000000 0.000000 1.000000
0.999197 0.027567 0.029080 -0.034442 0.004676 0.640565 -0.767889 19.068022 -0.039796 0.767409 0.639922 -1.396579 0.000000 0.000000 0.000000 1.000000
0.999444 0.025372 0.021622 -0.083495 -0.000579 0.661729 -0.749743 19.042789 -0.033331 0.749314 0.661376 -1.712476 0.000000 0.000000 0.000000 1.000000
0.999628 0.024265 0.012461 -0.139903 -0.007602 0.686550 -0.727043 19.007019 -0.026196 0.726678 0.686479 -2.092027 0.000000 0.000000 0.000000 1.000000
0.999714 0.023745 0.002703 -0.197578 -0.015026 0.712474 -0.701538 18.967052 -0.018584 0.701297 0.712627 -2.494490 0.000000 0.000000 0.000000 1.000000
0.999698 0.023507 -0.007202 -0.252151 -0.022234 0.739401 -0.672898 18.925928 -0.010493 0.672855 0.739700 -2.903663 0.000000 0.000000 0.000000 1.000000
0.999593 0.023117 -0.016727 -0.297976 -0.028465 0.767313 -0.640640 18.887533 -0.001975 0.640855 0.767659 -3.299489 0.000000 0.000000 0.000000 1.000000
0.999433 0.022113 -0.025392 -0.330030 -0.032970 0.795757 -0.604718 18.855343 0.006834 0.605213 0.796035 -3.662218 0.000000 0.000000 0.000000 1.000000
0.999277 0.019627 -0.032559 -0.338215 -0.034573 0.825354 -0.563556 18.835136 0.015812 0.564274 0.825436 -3.963251 0.000000 0.000000 0.000000 1.000000
0.999205 0.014815 -0.037010 -0.310994 -0.031656 0.859142 -0.510756 18.838242 0.024230 0.511522 0.858928 -4.140762 0.000000 0.000000 0.000000 1.000000
0.999258 0.010157 -0.037163 -0.264803 -0.025499 0.897464 -0.440350 18.874157 0.028880 0.440971 0.897057 -4.092006 0.000000 0.000000 0.000000 1.000000
0.999342 0.005790 -0.035792 -0.216539 -0.018689 0.928182 -0.371657 18.934288 0.031070 0.372081 0.927680 -3.930557 0.000000 0.000000 0.000000 1.000000
0.999419 0.000421 -0.034085 -0.169449 -0.011012 0.950301 -0.311137 19.015785 0.032260 0.311332 0.949754 -3.743373 0.000000 0.000000 0.000000 1.000000
0.999517 -0.004445 -0.030762 -0.131483 -0.003665 0.965966 -0.258645 19.118353 0.030864 0.258633 0.965483 -3.519432 0.000000 0.000000 0.000000 1.000000
0.999639 -0.007582 -0.025788 -0.100163 0.002014 0.977822 -0.209428 19.228355 0.026804 0.209300 0.977484 -3.255089 0.000000 0.000000 0.000000 1.000000
0.999773 -0.009352 -0.019133 -0.075535 0.006066 0.986256 -0.165111 19.342062 0.020414 0.164958 0.986089 -2.958216 0.000000 0.000000 0.000000 1.000000
0.999879 -0.010601 -0.011366 -0.059879 0.009070 0.991832 -0.127227 19.451359 0.012622 0.127109 0.991808 -2.639389 0.000000 0.000000 0.000000 1.000000
0.999912 -0.012370 -0.004723 -0.050794 0.011871 0.995506 -0.093954 19.550760 0.005864 0.093889 0.995565 -2.300700 0.000000 0.000000 0.000000 1.000000
0.999888 -0.014962 -0.000571 -0.048933 0.014892 0.997728 -0.065706 19.641872 0.001553 0.065690 0.997839 -1.959714 0.000000 0.000000 0.000000 1.000000
0.999847 -0.017351 0.002176 -0.044303 0.017428 0.998950 -0.042374 19.725407 -0.001439 0.042406 0.999099 -1.625572 0.000000 0.000000 0.000000 1.000000
0.999829 -0.017991 0.004240 -0.043490 0.018087 0.999549 -0.023970 19.799412 -0.003807 0.024043 0.999704 -1.305921 0.000000 0.000000 0.000000 1.000000
0.999819 -0.017685 0.006969 -0.043456 0.017754 0.999792 -0.010014 19.857239 -0.006790 0.010136 0.999926 -1.004900 0.000000 0.000000 0.000000 1.000000
0.999812 -0.016489 0.010249 -0.044831 0.016469 0.999862 0.002084 19.899111 -0.010282 -0.001915 0.999945 -0.721670 0.000000 0.000000 0.000000 1.000000
0.999787 -0.015529 0.013602 -0.043598 0.015435 0.999856 0.006989 19.924751 -0.013709 -0.006777 0.999883 -0.508802 0.000000 0.000000 0.000000 1.000000
0.999748 -0.014730 0.016959 -0.041297 0.014576 0.999851 0.009195 19.944443 -0.017092 -0.008945 0.999814 -0.323064 0.000000 0.000000 0.000000 1.000000
0.999704 -0.014060 0.019841 -0.038367 0.013868 0.999856 0.009776 19.960749 -0.019976 -0.009497 0.999755 -0.158039 0.000000 0.000000 0.000000 1.000000
0.999672 -0.013513 0.021746 -0.035334 0.013302 0.999863 0.009804 19.975941 -0.021875 -0.009512 0.999715 -0.007536 0.000000 0.000000 0.000000 1.000000
0.999687 -0.013274 0.021187 -0.031871 0.013108 0.999883 0.007936 19.987297 -0.021290 -0.007656 0.999744 0.101379 0.000000 0.000000 0.000000 1.000000
0.999714 -0.013071 0.020018 -0.028531 0.012962 0.999901 0.005549 19.997513 -0.020088 -0.005288 0.999784 0.197494 0.000000 0.000000 0.000000 1.000000
0.999744 -0.012941 0.018562 -0.025877 0.012884 0.999912 0.003176 20.004848 -0.018601 -0.002936 0.999823 0.265747 0.000000 0.000000 0.000000 1.000000
0.999773 -0.012836 0.016981 -0.023401 0.012825 0.999917 0.000763 20.011379 -0.016990 -0.000545 0.999856 0.326094 0.000000 0.000000 0.000000 1.000000
0.999800 -0.012753 0.015432 -0.021184 0.012778 0.999917 -0.001517 20.017046 -0.015411 0.001713 0.999880 0.377940 0.000000 0.000000 0.000000 1.000000
0.999821 -0.012689 0.014068 -0.019307 0.012740 0.999913 -0.003489 20.021765 -0.014022 0.003668 0.999895 0.420698 0.000000 0.000000 0.000000 1.000000
0.999834 -0.012726 0.013039 -0.017900 0.012792 0.999906 -0.004983 20.025461 -0.012975 0.005149 0.999903 0.453757 0.000000 0.000000 0.000000 1.000000</float_array><technique_common><accessor source="#mixamorig_Hips-Matrix-animation-output-transform-array" count="165" stride="16"><param type="float4x4"/></accessor></technique_common></source><source id="mixamorig_Hips-Interpolations"><Name_array id="mixamorig_Hips-Interpolations-array" count="165">
 LINEAR LINEAR LINEAR LINEAR LINEAR LINEAR LINEAR LINEAR LINEAR LINEAR LINEAR
LINEAR LINEAR LINEAR LINEAR LINEAR LINEAR LINEAR LINEAR LINEAR LINEAR LINEAR LINEAR
LINEAR LINEAR LINEAR LINEAR LINEAR LINEAR LINEAR LINEAR LINEAR LINEAR LINEAR LINEAR
LINEAR LINEAR LINEAR LINEAR LINEAR LINEAR LINEAR LINEAR LINEAR LINEAR LINEAR LINEAR
LINEAR LINEAR LINEAR LINEAR LINEAR LINEAR LINEAR LINEAR LINEAR LINEAR LINEAR LINEAR
LINEAR LINEAR LINEAR LINEAR LINEAR LINEAR LINEAR LINEAR LINEAR LINEAR LINEAR LINEAR
LINEAR LINEAR LINEAR LINEAR LINEAR LINEAR LINEAR LINEAR LINEAR LINEAR LINEAR LINEAR
LINEAR LINEAR LINEAR LINEAR LINEAR LINEAR LINEAR LINEAR LINEAR LINEAR LINEAR LINEAR
LINEAR LINEAR LINEAR LINEAR LINEAR LINEAR LINEAR LINEAR LINEAR LINEAR LINEAR LINEAR
LINEAR LINEAR LINEAR LINEAR LINEAR LINEAR LINEAR LINEAR LINEAR LINEAR LINEAR LINEAR
LINEAR LINEAR LINEAR LINEAR LINEAR LINEAR LINEAR LINEAR LINEAR LINEAR LINEAR LINEAR
LINEAR LINEAR LINEAR LINEAR LINEAR LINEAR LINEAR LINEAR LINEAR LINEAR LINEAR LINEAR
LINEAR LINEAR LINEAR LINEAR LINEAR LINEAR LINEAR LINEAR LINEAR LINEAR LINEAR LINEAR
LINEAR LINEAR LINEAR LINEAR LINEAR LINEAR LINEAR LINEAR LINEAR LINEAR</Name_array><technique_common><accessor source="#mixamorig_Hips-Interpolations-array" count="165"><param type="name"/></accessor></technique_common></source><sampler id="mixamorig_Hips-Matrix-animation-transform"><input semantic="INPUT" source="#mixamorig_Hips-Matrix-animation-input"/><input semantic="OUTPUT" source="#mixamorig_Hips-Matrix-animation-output-transform"/><input semantic="INTERPOLATION" source="#mixamorig_Hips-Interpolations"/></sampler><channel source="#mixamorig_Hips-Matrix-animation-transform" target="mixamorig_Hips/matrix"/></animation>
    <animation id="mixamorig_Spine-anim" name="mixamorig_Spine"><source id="mixamorig_Spine-Matrix-animation-input"><float_array id="mixamorig_Spine-Matrix-animation-input-array" count="165">

0.000000 0.033333 0.066667 0.100000 0.133333 0.166667 0.200000 0.233333 0.266667 0.300000 0.333333 0.366667 0.400000 0.433333 0.466667 0.500000
0.533333 0.566667 0.600000 0.633333 0.666667 0.700000 0.733333 0.766667 0.800000 0.833333 0.866667 0.900000 0.933333 0.966667 1.000000 1.033333
1.066667 1.100000 1.133333 1.166667 1.200000 1.233333 1.266667 1.300000 1.333333 1.366667 1.400000 1.433333 1.466667 1.500000 1.533333 1.566667
1.600000 1.633333 1.666667 1.700000 1.733333 1.766667 1.800000 1.833333 1.866667 1.900000 1.933333 1.966667 2.000000 2.033333 2.066667 2.100000
2.133333 2.166667 2.200000 2.233333 2.266667 2.300000 2.333333 2.366667 2.400000 2.433333 2.466667 2.500000 2.533333 2.566667 2.600000 2.633333
2.666667 2.700000 2.733333 2.766667 2.800000 2.833333 2.866667 2.900000 2.933333 2.966667 3.000000 3.033333 3.066667 3.100000 3.133333 3.166667
3.200000 3.233333 3.266667 3.300000 3.333333 3.366667 3.400000 3.433333 3.466667 3.500000 3.533333 3.566667 3.600000 3.633333 3.666667 3.700000
3.733333 3.766667 3.800000 3.833333 3.866667 3.900000 3.933333 3.966667 4.000000 4.033333 4.066667 4.100000 4.133333 4.166667 4.200000 4.233333
4.266667 4.300000 4.333333 4.366667 4.400000 4.433333 4.466667 4.500000 4.533333 4.566667 4.600000 4.633333 4.666667 4.700000 4.733333 4.766667
4.800000 4.833333 4.866667 4.900000 4.933333 4.966667 5.000000 5.033333 5.066667 5.100000 5.133333 5.166667 5.200000 5.233333 5.266667 5.300000
5.333333 5.366667 5.400000 5.433333 5.466667</float_array><technique_common><accessor source="#mixamorig_Spine-Matrix-animation-input-array" count="165"><param name="TIME" type="float"/></accessor></technique_common></source><source id="mixamorig_Spine-Matrix-animation-output-transform"><float_array id="mixamorig_Spine-Matrix-animation-output-transform-array" count="2640">

0.999991 -0.000883 0.004196 0.000000 0.000693 0.998987 0.044998 2.768300 -0.004231 -0.044994 0.998978 -0.184100 0.000000 0.000000 0.000000 1.000000
0.999990 -0.000737 0.004508 -0.000000 0.000538 0.999026 0.044132 2.768300 -0.004536 -0.044129 0.999016 -0.184100 0.000000 0.000000 0.000000 1.000000
0.999988 -0.000563 0.004834 -0.000000 0.000351 0.999050 0.043579 2.768300 -0.004854 -0.043577 0.999038 -0.184100 0.000000 0.000000 0.000000 1.000000
0.999987 -0.000382 0.005168 0.000000 0.000159 0.999073 0.043050 2.768300 -0.005179 -0.043049 0.999060 -0.184100 0.000000 0.000000 0.000000 1.000000
0.999985 -0.000208 0.005508 0.000000 -0.000025 0.999105 0.042309 2.768300 -0.005512 -0.042308 0.999089 -0.184100 0.000000 0.000000 0.000000 1.000000
0.999983 -0.000053 0.005860 0.000000 -0.000187 0.999156 0.041077 2.768300 -0.005857 -0.041077 0.999139 -0.184100 0.000000 0.000000 0.000000 1.000000
0.999981 0.000072 0.006226 -0.000000 -0.000316 0.999234 0.039128 2.768300 -0.006218 -0.039130 0.999215 -0.184100 0.000000 0.000000 0.000000 1.000000
0.999977 0.000094 0.006849 0.000000 -0.000336 0.999376 0.035324 2.768300 -0.006841 -0.035325 0.999352 -0.184100 0.000000 0.000000 0.000000 1.000000
0.999965 0.001566 0.008274 0.000000 -0.001816 0.999541 0.030243 2.768300 -0.008223 -0.030257 0.999508 -0.184100 0.000000 0.000000 0.000000 1.000000
0.999936 0.003713 0.010653 0.000000 -0.003966 0.999706 0.023919 2.768300 -0.010561 -0.023960 0.999657 -0.184100 0.000000 0.000000 0.000000 1.000000
0.999910 0.007034 0.011440 0.000000 -0.007192 0.999878 0.013841 2.768300 -0.011341 -0.013922 0.999839 -0.184100 0.000000 0.000000 0.000000 1.000000
0.999890 0.010109 0.010895 -0.000000 -0.010098 0.999948 -0.001053 2.768300 -0.010905 0.000943 0.999940 -0.184100 0.000000 0.000000 0.000000 1.000000
0.999916 0.011964 0.004997 -0.000000 -0.011864 0.999738 -0.019592 2.768300 -0.005230 0.019531 0.999796 -0.184100 0.000000 0.000000 0.000000 1.000000
0.999901 0.013983 -0.001614 -0.000000 -0.014045 0.998674 -0.049521 2.768300 0.000919 0.049539 0.998772 -0.184100 0.000000 0.000000 0.000000 1.000000
0.999832 0.017371 -0.005843 -0.000000 -0.017784 0.996617 -0.080234 2.768300 0.004429 0.080324 0.996759 -0.184100 0.000000 0.000000 0.000000 1.000000
0.999745 0.020686 -0.009099 0.000000 -0.021557 0.993783 -0.109223 2.768300 0.006783 0.109391 0.993976 -0.184100 0.000000 0.000000 0.000000 1.000000
0.999602 0.024908 -0.013220 0.000000 -0.026523 0.989686 -0.140774 2.768300 0.009577 0.141068 0.989954 -0.184100 0.000000 0.000000 0.000000 1.000000
0.999315 0.031789 -0.018969 0.000000 -0.034587 0.984423 -0.172379 2.768300 0.013194 0.172917 0.984848 -0.184100 0.000000 0.000000 0.000000 1.000000
0.998882 0.039875 -0.025410 0.000000 -0.044221 0.978088 -0.203440 2.768300 0.016741 0.204336 0.978758 -0.184100 0.000000 0.000000 0.000000 1.000000
0.998291 0.048273 -0.032942 -0.000000 -0.054649 0.970838 -0.233424 2.768300 0.020713 0.234825 0.971817 -0.184100 0.000000 0.000000 0.000000 1.000000
0.997502 0.056268 -0.042704 0.000000 -0.065508 0.963053 -0.261223 2.768300 0.026428 0.263368 0.964333 -0.184100 0.000000 0.000000 0.000000 1.000000
0.996422 0.063317 -0.055975 -0.000000 -0.076757 0.955183 -0.285892 2.768300 0.035364 0.289166 0.956626 -0.184100 0.000000 0.000000 0.000000 1.000000
0.994917 0.068112 -0.074167 -0.000000 -0.087699 0.948046 -0.305805 2.768300 0.049485 0.310755 0.949201 -0.184100 0.000000 0.000000 0.000000 1.000000
0.993034 0.070642 -0.094300 0.000000 -0.097524 0.941917 -0.321376 2.768300 0.066120 0.328334 0.942245 -0.184100 0.000000 0.000000 0.000000 1.000000
0.990983 0.072694 -0.112551 0.000000 -0.106844 0.935626 -0.336436 2.768300 0.080849 0.345428 0.934956 -0.184100 0.000000 0.000000 0.000000 1.000000
0.988782 0.074624 -0.129386 0.000000 -0.116020 0.929285 -0.350669 2.768300 0.094069 0.361746 0.927519 -0.184100 0.000000 0.000000 0.000000 1.000000
0.986550 0.076819 -0.144284 0.000000 -0.125087 0.923017 -0.363860 2.768300 0.105225 0.377014 0.920211 -0.184100 0.000000 0.000000 0.000000 1.000000
0.984530 0.080126 -0.155823 -0.000000 -0.134092 0.916988 -0.375703 2.768300 0.112784 0.390785 0.913546 -0.184100 0.000000 0.000000 0.000000 1.000000
0.983473 0.081858 -0.161494 -0.000000 -0.138864 0.913382 -0.382688 2.768300 0.116180 0.398789 0.909654 -0.184100 0.000000 0.000000 0.000000 1.000000
0.983529 0.076847 -0.163601 0.000000 -0.135768 0.911603 -0.388005 2.768300 0.119322 0.403826 0.907021 -0.184100 0.000000 0.000000 0.000000 1.000000
0.985204 0.073165 -0.154980 0.000000 -0.129884 0.908728 -0.396666 2.768300 0.111813 0.410926 0.904786 -0.184100 0.000000 0.000000 0.000000 1.000000
0.987639 0.071918 -0.139271 0.000000 -0.123215 0.905427 -0.406227 2.768300 0.096884 0.418366 0.903096 -0.184100 0.000000 0.000000 0.000000 1.000000
0.990477 0.069624 -0.118777 -0.000000 -0.113160 0.903092 -0.414269 2.768300 0.078423 0.423765 0.902371 -0.184100 0.000000 0.000000 0.000000 1.000000
0.993500 0.064758 -0.093619 0.000000 -0.098384 0.902166 -0.420021 2.768300 0.057260 0.426501 0.902673 -0.184100 0.000000 0.000000 0.000000 1.000000
0.996414 0.060805 -0.058838 0.000000 -0.080018 0.903196 -0.421705 2.768300 0.027501 0.424900 0.904822 -0.184100 0.000000 0.000000 0.000000 1.000000
0.998013 0.059432 -0.020927 0.000000 -0.062692 0.903374 -0.424246 2.768300 -0.006308 0.424715 0.905305 -0.184100 0.000000 0.000000 0.000000 1.000000
0.998292 0.057086 0.012455 0.000000 -0.046150 0.901106 -0.431136 2.768300 -0.035836 0.429825 0.902201 -0.184100 0.000000 0.000000 0.000000 1.000000
0.997876 0.052745 0.038219 0.000000 -0.030830 0.899327 -0.436188 2.768300 -0.057379 0.434083 0.899044 -0.184100 0.000000 0.000000 0.000000 1.000000
0.997266 0.049258 0.055076 0.000000 -0.020257 0.899081 -0.437314 2.768300 -0.071059 0.435003 0.897621 -0.184100 0.000000 0.000000 0.000000 1.000000
0.996842 0.047653 0.063520 0.000000 -0.015310 0.900246 -0.435113 2.768300 -0.077918 0.432766 0.898132 -0.184100 0.000000 0.000000 0.000000 1.000000
0.996529 0.046693 0.068922 0.000000 -0.012404 0.901939 -0.431686 2.768300 -0.082320 0.429332 0.899387 -0.184100 0.000000 0.000000 0.000000 1.000000
0.996341 0.046230 0.071892 0.000000 -0.011097 0.903948 -0.427498 2.768300 -0.084749 0.425136 0.901153 -0.184100 0.000000 0.000000 0.000000 1.000000
0.996267 0.046032 0.073023 0.000000 -0.010861 0.906070 -0.422988 2.768300 -0.085634 0.420616 0.903188 -0.184100 0.000000 0.000000 0.000000 1.000000
0.996340 0.046009 0.072040 -0.000000 -0.011546 0.907500 -0.419894 2.768300 -0.084695 0.417525 0.904709 -0.184100 0.000000 0.000000 0.000000 1.000000
0.996459 0.046036 0.070356 -0.000000 -0.012522 0.908707 -0.417247 2.768300 -0.083141 0.414889 0.906066 -0.184100 0.000000 0.000000 0.000000 1.000000
0.996605 0.046073 0.068237 0.000000 -0.013644 0.909731 -0.414973 2.768300 -0.081197 0.412633 0.907271 -0.184100 0.000000 0.000000 0.000000 1.000000
0.996758 0.046116 0.065934 0.000000 -0.014811 0.910610 -0.413002 2.768300 -0.079086 0.410687 0.908340 -0.184100 0.000000 0.000000 0.000000 1.000000
0.996903 0.046113 0.063710 -0.000000 -0.015874 0.911381 -0.411258 2.768300 -0.077028 0.408973 0.909290 -0.184100 0.000000 0.000000 0.000000 1.000000
0.997030 0.045924 0.061824 -0.000000 -0.016609 0.912084 -0.409666 2.768300 -0.075203 0.407422 0.910138 -0.184100 0.000000 0.000000 0.000000 1.000000
0.997122 0.045398 0.060722 0.000000 -0.016675 0.912613 -0.408485 2.768300 -0.073960 0.406296 0.910743 -0.184100 0.000000 0.000000 0.000000 1.000000
0.997188 0.044576 0.060243 0.000000 -0.016187 0.913004 -0.407630 2.768300 -0.073173 0.405509 0.911158 -0.184100 0.000000 0.000000 0.000000 1.000000
0.997243 0.043637 0.060025 0.000000 -0.015485 0.913403 -0.406762 2.768300 -0.072577 0.404711 0.911560 -0.184100 0.000000 0.000000 0.000000 1.000000
0.997293 0.042565 0.059964 -0.000000 -0.014597 0.913807 -0.405885 2.768300 -0.072072 0.403911 0.911955 -0.184100 0.000000 0.000000 0.000000 1.000000
0.997344 0.041356 0.059951 0.000000 -0.013564 0.914214 -0.405004 2.768300 -0.071557 0.403115 0.912347 -0.184100 0.000000 0.000000 0.000000 1.000000
0.997401 0.040003 0.059920 -0.000000 -0.012404 0.914619 -0.404127 2.768300 -0.070971 0.402334 0.912738 -0.184100 0.000000 0.000000 0.000000 1.000000
0.997467 0.038499 0.059805 0.000000 -0.011139 0.915018 -0.403260 2.768300 -0.070248 0.401573 0.913129 -0.184100 0.000000 0.000000 0.000000 1.000000
0.997551 0.036845 0.059459 -0.000000 -0.009825 0.915407 -0.402410 2.768300 -0.069255 0.400840 0.913527 -0.184100 0.000000 0.000000 0.000000 1.000000
0.997655 0.035036 0.058801 0.000000 -0.008491 0.915782 -0.401586 2.768300 -0.067919 0.400145 0.913932 -0.184100 0.000000 0.000000 0.000000 1.000000
0.997784 0.033066 0.057739 0.000000 -0.007167 0.916139 -0.400797 2.768300 -0.066150 0.399495 0.914346 -0.184100 0.000000 0.000000 0.000000 1.000000
